
metadata:
    version:
        essentia: "2.0.1"
    audio_properties:
        analysis_sample_rate: 44100
        bitrate: 320
        channels: 2
        equal_loudness: 1
        length: 192.845687866
        replay_gain: -13.5516376495
        downmix: "mix"
    tags:
        track: 5
        year: 2011
        album: "Ventriloquizzing"
        artist: "Fujiya & Miyagi"
        comment: ""
        genre: "Pop"
        title: "Yoyo"

configuration:
    average_loudness:
        compute: 1
        frameSize: 88200
        hopSize: 44100
        silentFrames: "noise"
        windowType: "hann"
    general:
        analysisSampleRate: 44100
        endTime: 2000
        equalLoudness: 1
        nequalLoudness: 0
        shortSound: 0
        startTime: 0
    lowlevel:
        compute: 1
        frameSize: 2048
        hopSize: 1024
        zeroPadding: 0
        silentFrames: "noise"
        windowType: "blackmanharris62"
        mfccStats: ["mean", "cov", "icov"]
        stats: ["mean", "var", "median", "min", "max", "dmean", "dmean2", "dvar", "dvar2"]
    panning:
        compute: 0
        frameSize: 8192
        hopSize: 2048
        zeroPadding: 8192
        silentFrames: "noise"
        windowType: "hann"
        stats: ["copy"]
    rhythm:
        compute: 1
        maxTempo: 208
        minTempo: 40
        method: "degara"
        stats: ["mean", "var", "median", "min", "max", "dmean", "dmean2", "dvar", "dvar2"]
    segmentation:
        compute: 0
        cpw: 5
        inc1: 300
        inc2: 50
        minimumSegmentsLength: 10
        size1: 1000
        size2: 600
    sfx:
        compute: 1
        stats: ["mean", "var", "median", "min", "max", "dmean", "dmean2", "dvar", "dvar2"]
    svm:
        compute: 0
    tonal:
        compute: 1
        frameSize: 4096
        hopSize: 2048
        zeroPadding: 0
        silentFrames: "noise"
        windowType: "blackmanharris62"
        stats: ["mean", "var", "median", "min", "max", "dmean", "dmean2", "dvar", "dvar2"]

lowlevel:
    average_loudness: 0.881126105785
    barkbands_kurtosis:
        dmean: 2.63334536552
        dmean2: 3.96980977058
        dvar: 39.5828132629
        dvar2: 76.8344726562
        max: 120.022880554
        mean: 3.7745783329
        median: 0.368175268173
        min: -1.93885922432
        var: 134.94178772
    barkbands_skewness:
        dmean: 0.510791838169
        dmean2: 0.773390412331
        dvar: 0.367867439985
        dvar2: 0.782947361469
        max: 8.42599964142
        mean: 1.29507124424
        median: 1.15900886059
        min: -2.79950237274
        var: 2.04851603508
    barkbands_spread:
        dmean: 4.10339212418
        dmean2: 6.48239469528
        dvar: 22.9439849854
        dvar2: 58.3117179871
        max: 67.0351791382
        mean: 20.3953456879
        median: 19.9723262787
        min: 0.891269147396
        var: 90.5821151733
    dissonance:
        dmean: 0.0217351615429
        dmean2: 0.0366733819246
        dvar: 0.000564739282709
        dvar2: 0.00151046912652
        max: 0.500000059605
        mean: 0.457219481468
        median: 0.464296013117
        min: 0.187021493912
        var: 0.00114079611376
    hfc:
        dmean: 0.860669255257
        dmean2: 1.25147843361
        dvar: 2.53616476059
        dvar2: 4.64166164398
        max: 50.8873710632
        mean: 2.83924102783
        median: 2.27900576591
        min: 1.08437230699e-16
        var: 7.19525384903
    pitch:
        dmean: 231.994491577
        dmean2: 443.458831787
        dvar: 444326.28125
        dvar2: 1200423.125
        max: 5239.69775391
        mean: 450.22088623
        median: 158.475326538
        min: 52.3021507263
        var: 521763.125
    pitch_instantaneous_confidence:
        dmean: 0.0815720707178
        dmean2: 0.132531821728
        dvar: 0.00518324831501
        dvar2: 0.0131260352209
        max: 0.988142251968
        mean: 0.432489573956
        median: 0.395771861076
        min: 0.0969642996788
        var: 0.0330072306097
    pitch_salience:
        dmean: 0.0703287944198
        dmean2: 0.117270737886
        dvar: 0.00508563406765
        dvar2: 0.0133506124839
        max: 0.955363631248
        mean: 0.637430310249
        median: 0.650325715542
        min: 0.211612924933
        var: 0.00885882042348
    silence_rate_20dB:
        dmean: 0
        dmean2: 0
        dvar: 0
        dvar2: 0
        max: 1
        mean: 1
        median: 1
        min: 1
        var: 0
    silence_rate_30dB:
        dmean: 0
        dmean2: 0
        dvar: 0
        dvar2: 0
        max: 1
        mean: 1
        median: 1
        min: 1
        var: 0
    silence_rate_60dB:
        dmean: 0.141584396362
        dmean2: 0.283202886581
        dvar: 0.121525771916
        dvar2: 0.227799773216
        max: 1
        mean: 0.567593574524
        median: 1
        min: 0
        var: 0.245433032513
    spectral_centroid:
        dmean: 193.557296753
        dmean2: 297.745056152
        dvar: 73281.734375
        dvar2: 159787.59375
        max: 12255.4248047
        mean: 1262.57397461
        median: 890.236816406
        min: 159.61151123
        var: 2411766
    spectral_complexity:
        dmean: 1.88851428032
        dmean2: 2.98591208458
        dvar: 4.52127456665
        dvar2: 9.76791667938
        max: 41
        mean: 7.66257381439
        median: 7
        min: 0
        var: 23.647901535
    spectral_crest:
        dmean: 2.21894812584
        dmean2: 3.63891148567
        dvar: 5.7974653244
        dvar2: 14.820391655
        max: 24.2741031647
        mean: 9.01992893219
        median: 8.36684894562
        min: 2.39189004898
        var: 12.9741611481
    spectral_decrease:
        dmean: 3.99280608576e-10
        dmean2: 6.42082331748e-10
        dvar: 5.9873788429e-19
        dvar2: 1.50304952175e-18
        max: 2.21505464024e-28
        mean: -8.31835489379e-10
        median: -6.52464082762e-10
        min: -5.92440763114e-09
        var: 6.77036267834e-19
    spectral_energy:
        dmean: 0.00157333991956
        dmean2: 0.00251562846825
        dvar: 9.15627151699e-06
        dvar2: 2.27981181524e-05
        max: 0.0232839267701
        mean: 0.00339706940576
        median: 0.00269987643696
        min: 9.9750429004e-21
        var: 1.07802916318e-05
    spectral_energyband_high:
        dmean: 3.98808078899e-05
        dmean2: 5.66383641853e-05
        dvar: 8.17298939637e-09
        dvar2: 1.50314889424e-08
        max: 0.00264153350145
        mean: 7.1341797593e-05
        median: 3.14587668981e-05
        min: 7.02675470859e-21
        var: 1.66270535118e-08
    spectral_energyband_low:
        dmean: 0.000242639987846
        dmean2: 0.000407842511777
        dvar: 3.4257027437e-07
        dvar2: 9.37924085065e-07
        max: 0.0059986920096
        mean: 0.000400722463382
        median: 0.000159239309141
        min: 1.5020758872e-23
        var: 4.02276612022e-07
    spectral_energyband_middle_high:
        dmean: 0.000181213705218
        dmean2: 0.000274181278655
        dvar: 1.15501713083e-07
        dvar2: 2.1272740014e-07
        max: 0.0134512251243
        mean: 0.000743929704186
        median: 0.000597109668888
        min: 1.04551994356e-21
        var: 5.10140012011e-07
    spectral_energyband_middle_low:
        dmean: 0.00135896180291
        dmean2: 0.00220194272697
        dvar: 7.87093904364e-06
        dvar2: 2.01016573556e-05
        max: 0.0219980217516
        mean: 0.00235056760721
        median: 0.0016499357298
        min: 1.47562692722e-22
        var: 7.79605761636e-06
    spectral_flatness_db:
        dmean: 0.0200564656407
        dmean2: 0.0313018709421
        dvar: 0.000381219928386
        dvar2: 0.00094918848481
        max: 0.553242325783
        mean: 0.197930976748
        median: 0.177663892508
        min: 0.0544537566602
        var: 0.00774105265737
    spectral_flux:
        dmean: 0.0108365174383
        dmean2: 0.0169663913548
        dvar: 0.00025700518745
        dvar2: 0.000571379554458
        max: 0.132136508822
        mean: 0.0300059448928
        median: 0.0247725788504
        min: 6.36843355828e-11
        var: 0.000463097007014
    spectral_kurtosis:
        dmean: 2.04418635368
        dmean2: 3.43989634514
        dvar: 6.04407548904
        dvar2: 18.8446311951
        max: 25.2757835388
        mean: 5.61776447296
        median: 5.18663215637
        min: -1.25976288319
        var: 12.4305152893
    spectral_rms:
        dmean: 0.000339101447025
        dmean2: 0.000512946862727
        dvar: 2.84904473347e-07
        dvar2: 6.5386177539e-07
        max: 0.00476613314822
        mean: 0.00163645832799
        median: 0.00162296823692
        min: 3.11957512773e-12
        var: 6.36227753148e-07
    spectral_rolloff:
        dmean: 462.89553833
        dmean2: 770.667541504
        dvar: 443151.59375
        dvar2: 1039444.3125
        max: 19595.2148438
        mean: 2288.99731445
        median: 1916.45507812
        min: 172.265625
        var: 7151511
    spectral_skewness:
        dmean: 0.25094422698
        dmean2: 0.400642633438
        dvar: 0.0638532564044
        dvar2: 0.178697183728
        max: 4.3516626358
        mean: 1.71131682396
        median: 1.74254846573
        min: -0.112227730453
        var: 0.314274698496
    spectral_spread:
        dmean: 660553.8125
        dmean2: 902023
        dvar: 1.16963868672e+12
        dvar2: 2.2748505047e+12
        max: 42948120
        mean: 5284973
        median: 3977172
        min: 1472172.25
        var: 3.16548883415e+13
    spectral_strongpeak:
        dmean: 0.161821290851
        dmean2: 0.276497513056
        dvar: 0.0565135404468
        dvar2: 0.150495558977
        max: 4.64124202728
        mean: 0.323795169592
        median: 0.274321496487
        min: 1.11518077758e-11
        var: 0.0718720331788
    zerocrossingrate:
        dmean: 0.00792390014976
        dmean2: 0.00978108774871
        dvar: 7.10281019565e-05
        dvar2: 9.55161594902e-05
        max: 0.533203125
        mean: 0.0739786326885
        median: 0.060546875
        min: 0.00732421875
        var: 0.00471600471064
    barkbands:
        dmean: [8.76858166521e-07, 5.09021738253e-05, 0.000129585809191, 0.000236061430769, 0.000806444790214, 0.000307736656396, 0.000166968849953, 7.50349645386e-05, 0.00011284739594, 3.29569375026e-05, 2.36475789279e-05, 3.6882905988e-05, 2.46485833486e-05, 1.71054089151e-05, 2.89364452328e-05, 2.91605247185e-05, 4.58201611764e-05, 4.66052078991e-05, 4.90821803396e-05, 3.36178709404e-05, 1.62114338309e-05, 6.32682167634e-06, 2.89137824439e-06, 1.98044267563e-06, 3.07251707454e-06, 8.96443665965e-08, 1.07623565615e-09]
        dmean2: [1.06622280782e-06, 8.8117805717e-05, 0.00022422420443, 0.000387812382542, 0.00138088664971, 0.000480710616102, 0.00026076528593, 0.000121560777188, 0.000174638087628, 5.30726174475e-05, 3.88452208426e-05, 6.04968699918e-05, 4.07057013945e-05, 2.88257797365e-05, 4.82891882712e-05, 4.82353534608e-05, 7.60781840654e-05, 7.32896951376e-05, 7.73254723754e-05, 5.18031301908e-05, 2.35801562667e-05, 9.37007916946e-06, 4.46656167696e-06, 2.85575833914e-06, 4.50226480098e-06, 1.51849050667e-07, 1.77450421024e-09]
        dvar: [4.59130216485e-12, 2.28720953288e-08, 1.26535397271e-07, 2.15889386368e-07, 4.46203239335e-06, 2.38440350131e-07, 5.95277747095e-08, 1.51407490989e-08, 4.18842098782e-08, 5.88983706251e-09, 1.69747094159e-09, 3.55179041733e-09, 1.80982484554e-09, 1.12249398665e-09, 2.20715357102e-09, 3.12820302995e-09, 7.44910622075e-09, 2.11457642507e-08, 2.00083363211e-08, 5.42406208837e-09, 1.54259560681e-09, 3.49709344816e-10, 8.53706619286e-11, 3.90491007585e-11, 1.21753135351e-10, 8.89308226126e-14, 1.30398505386e-17]
        dvar2: [7.22205368425e-12, 6.42333688461e-08, 3.55009944997e-07, 5.63627565953e-07, 1.17251038318e-05, 5.97641871991e-07, 1.48857353111e-07, 3.73332547099e-08, 9.00058907405e-08, 1.33138033931e-08, 4.2747458906e-09, 9.50948031431e-09, 4.75589656546e-09, 3.1636677722e-09, 6.10576789128e-09, 8.5919573678e-09, 1.91975715325e-08, 4.11929761412e-08, 4.64104097375e-08, 1.09779447754e-08, 2.99474800514e-09, 7.73932584686e-10, 2.08998818252e-10, 8.82463824237e-11, 2.87143669953e-10, 2.36386973364e-13, 3.34263553184e-17]
        max: [2.44789589487e-05, 0.0016626950819, 0.00387281505391, 0.00553569709882, 0.0149463638663, 0.00864851754159, 0.00353399524465, 0.00191983673722, 0.00290009519085, 0.00317721674219, 0.000658725271933, 0.00121847412083, 0.00117525912356, 0.000892736425158, 0.00146588380449, 0.00151600199752, 0.00333948014304, 0.00703675206751, 0.00694550806656, 0.00302436831407, 0.00126350717619, 0.000779640802648, 0.000163193370099, 0.000110330700409, 0.00018221627397, 4.03576905228e-06, 6.19612379182e-08]
        mean: [1.46735192175e-06, 6.52452217764e-05, 0.000172824700712, 0.000349540874595, 0.0007675208617, 0.000584593683016, 0.000332223047735, 0.000123390942463, 0.000177018169779, 5.51675366296e-05, 4.19826756115e-05, 8.71306910994e-05, 3.98402808059e-05, 3.11398689519e-05, 6.28974885331e-05, 6.11140130786e-05, 0.000103780570498, 0.000101410951174, 0.000124602316646, 6.85489794705e-05, 2.69001920969e-05, 8.74842771736e-06, 3.53472773895e-06, 2.68228700406e-06, 3.6926080611e-06, 7.08808798322e-08, 9.34419319698e-10]
        median: [3.38638557196e-08, 1.04144128272e-05, 4.20290525653e-05, 8.14788872958e-05, 0.000143266865052, 0.000416850147303, 0.000266130984528, 6.3903433329e-05, 9.93327485048e-05, 1.88642952708e-05, 2.34616418311e-05, 5.29183453182e-05, 2.31351459661e-05, 1.59671617439e-05, 4.86305943923e-05, 3.13849559461e-05, 7.09370433469e-05, 7.1378548455e-05, 8.07214237284e-05, 4.20773321821e-05, 1.06265415525e-05, 2.03306763069e-06, 5.26535188783e-07, 6.03832461366e-07, 3.16562335456e-07, 3.44363382254e-09, 9.16874076662e-11]
        min: [5.84072564922e-25, 3.18761632683e-24, 8.23797681169e-25, 3.55454560917e-25, 3.76910009678e-24, 5.56452661225e-24, 7.78356275635e-24, 9.60994141273e-24, 1.87239133526e-23, 1.59754714717e-23, 1.16254518377e-23, 2.17232492889e-23, 2.52672921026e-23, 3.34454367729e-23, 2.4037352244e-23, 4.62286500629e-23, 5.51926469229e-23, 8.49486127965e-23, 1.06346982343e-22, 1.65035911285e-22, 1.96270839895e-22, 2.79907311949e-22, 3.87889773342e-22, 6.07368471929e-22, 8.68867607369e-22, 1.31963429016e-21, 1.93973793059e-21]
        var: [9.63892594213e-12, 1.97965643878e-08, 1.15975247184e-07, 2.91460622748e-07, 3.36439029525e-06, 4.71549952863e-07, 1.10317373014e-07, 3.31274101484e-08, 6.38692512211e-08, 1.36421185459e-08, 3.54610141251e-09, 1.36437172671e-08, 3.04788683181e-09, 2.21839946413e-09, 4.8321502355e-09, 7.98945087865e-09, 1.81199943938e-08, 4.20918553345e-08, 3.67769708021e-08, 1.15719638316e-08, 2.71426681131e-09, 4.84834727921e-10, 9.51623224665e-11, 4.95307544979e-11, 1.43759934512e-10, 6.59147487026e-14, 1.1262843244e-17]
    frequency_bands:
        dmean: [8.76858166521e-07, 5.09021738253e-05, 0.000129585809191, 0.000236061430769, 0.000806444790214, 0.000307736656396, 0.000166968849953, 7.50349645386e-05, 0.00011284739594, 3.29569375026e-05, 2.36475789279e-05, 3.6882905988e-05, 2.46485833486e-05, 1.71054089151e-05, 2.89364452328e-05, 2.91605247185e-05, 4.58201611764e-05, 4.66052078991e-05, 4.90821803396e-05, 3.36178709404e-05, 1.62114338309e-05, 6.32682167634e-06, 2.89137824439e-06, 1.98044267563e-06, 3.07251707454e-06, 8.96443665965e-08, 1.07623565615e-09, 4.18753434706e-11]
        dmean2: [1.06622280782e-06, 8.8117805717e-05, 0.00022422420443, 0.000387812382542, 0.00138088664971, 0.000480710616102, 0.00026076528593, 0.000121560777188, 0.000174638087628, 5.30726174475e-05, 3.88452208426e-05, 6.04968699918e-05, 4.07057013945e-05, 2.88257797365e-05, 4.82891882712e-05, 4.82353534608e-05, 7.60781840654e-05, 7.32896951376e-05, 7.73254723754e-05, 5.18031301908e-05, 2.35801562667e-05, 9.37007916946e-06, 4.46656167696e-06, 2.85575833914e-06, 4.50226480098e-06, 1.51849050667e-07, 1.77450421024e-09, 7.84503920159e-11]
        dvar: [4.59130216485e-12, 2.28720953288e-08, 1.26535397271e-07, 2.15889386368e-07, 4.46203239335e-06, 2.38440350131e-07, 5.95277747095e-08, 1.51407490989e-08, 4.18842098782e-08, 5.88983706251e-09, 1.69747094159e-09, 3.55179041733e-09, 1.80982484554e-09, 1.12249398665e-09, 2.20715357102e-09, 3.12820302995e-09, 7.44910622075e-09, 2.11457642507e-08, 2.00083363211e-08, 5.42406208837e-09, 1.54259560681e-09, 3.49709344816e-10, 8.53706619286e-11, 3.90491007585e-11, 1.21753135351e-10, 8.89308226126e-14, 1.30398505386e-17, 4.65798529574e-21]
        dvar2: [7.22205368425e-12, 6.42333688461e-08, 3.55009944997e-07, 5.63627565953e-07, 1.17251038318e-05, 5.97641871991e-07, 1.48857353111e-07, 3.73332547099e-08, 9.00058907405e-08, 1.33138033931e-08, 4.2747458906e-09, 9.50948031431e-09, 4.75589656546e-09, 3.1636677722e-09, 6.10576789128e-09, 8.5919573678e-09, 1.91975715325e-08, 4.11929761412e-08, 4.64104097375e-08, 1.09779447754e-08, 2.99474800514e-09, 7.73932584686e-10, 2.08998818252e-10, 8.82463824237e-11, 2.87143669953e-10, 2.36386973364e-13, 3.34263553184e-17, 1.51347928053e-20]
        max: [2.44789589487e-05, 0.0016626950819, 0.00387281505391, 0.00553569709882, 0.0149463638663, 0.00864851754159, 0.00353399524465, 0.00191983673722, 0.00290009519085, 0.00317721674219, 0.000658725271933, 0.00121847412083, 0.00117525912356, 0.000892736425158, 0.00146588380449, 0.00151600199752, 0.00333948014304, 0.00703675206751, 0.00694550806656, 0.00302436831407, 0.00126350717619, 0.000779640802648, 0.000163193370099, 0.000110330700409, 0.00018221627397, 4.03576905228e-06, 6.19612379182e-08, 1.14418496899e-09]
        mean: [1.46735192175e-06, 6.52452217764e-05, 0.000172824700712, 0.000349540874595, 0.0007675208617, 0.000584593683016, 0.000332223047735, 0.000123390942463, 0.000177018169779, 5.51675366296e-05, 4.19826756115e-05, 8.71306910994e-05, 3.98402808059e-05, 3.11398689519e-05, 6.28974885331e-05, 6.11140130786e-05, 0.000103780570498, 0.000101410951174, 0.000124602316646, 6.85489794705e-05, 2.69001920969e-05, 8.74842771736e-06, 3.53472773895e-06, 2.68228700406e-06, 3.6926080611e-06, 7.08808798322e-08, 9.34419319698e-10, 3.15509007809e-11]
        median: [3.38638557196e-08, 1.04144128272e-05, 4.20290525653e-05, 8.14788872958e-05, 0.000143266865052, 0.000416850147303, 0.000266130984528, 6.3903433329e-05, 9.93327485048e-05, 1.88642952708e-05, 2.34616418311e-05, 5.29183453182e-05, 2.31351459661e-05, 1.59671617439e-05, 4.86305943923e-05, 3.13849559461e-05, 7.09370433469e-05, 7.1378548455e-05, 8.07214237284e-05, 4.20773321821e-05, 1.06265415525e-05, 2.03306763069e-06, 5.26535188783e-07, 6.03832461366e-07, 3.16562335456e-07, 3.44363382254e-09, 9.16874076662e-11, 1.00868029207e-11]
        min: [5.84072564922e-25, 3.18761632683e-24, 8.23797681169e-25, 3.55454560917e-25, 3.76910009678e-24, 5.56452661225e-24, 7.78356275635e-24, 9.60994141273e-24, 1.87239133526e-23, 1.59754714717e-23, 1.16254518377e-23, 2.17232492889e-23, 2.52672921026e-23, 3.34454367729e-23, 2.4037352244e-23, 4.62286500629e-23, 5.51926469229e-23, 8.49486127965e-23, 1.06346982343e-22, 1.65035911285e-22, 1.96270839895e-22, 2.79907311949e-22, 3.87889773342e-22, 6.07368471929e-22, 8.68867607369e-22, 1.31963429016e-21, 1.93973793059e-21, 5.05652974001e-22]
        var: [9.63892594213e-12, 1.97965643878e-08, 1.15975247184e-07, 2.91460622748e-07, 3.36439029525e-06, 4.71549952863e-07, 1.10317373014e-07, 3.31274101484e-08, 6.38692512211e-08, 1.36421185459e-08, 3.54610141251e-09, 1.36437172671e-08, 3.04788683181e-09, 2.21839946413e-09, 4.8321502355e-09, 7.98945087865e-09, 1.81199943938e-08, 4.20918553345e-08, 3.67769708021e-08, 1.15719638316e-08, 2.71426681131e-09, 4.84834727921e-10, 9.51623224665e-11, 4.95307544979e-11, 1.43759934512e-10, 6.59147487026e-14, 1.1262843244e-17, 3.46637871288e-21]
    mfcc:
        mean: [-782.570556641, 116.28200531, -39.0679740906, 38.31615448, -10.5890817642, -23.9218788147, -4.56519985199, -15.3293848038, -14.1288995743, -11.6678495407, -5.61546373367, -0.416367858648, 0.976734399796]
        cov: [[11210.1328125, 3414.87109375, 346.290893555, 799.518432617, 69.1160736084, -421.766204834, -885.975952148, -341.501281738, 411.661224365, 288.083374023, 107.061233521, -601.159362793, -846.716369629], [3414.87109375, 2509.03173828, 440.990234375, 551.773254395, 110.860549927, -152.559371948, -365.012939453, -127.4296875, 215.064651489, 267.198455811, 103.610603333, -215.526657104, -390.204833984], [346.290893555, 440.990234375, 1647.45275879, 96.3534011841, 32.7338829041, -14.6838617325, -339.766021729, -89.3006134033, 60.3795013428, 110.346817017, 37.0429496765, -184.249130249, -216.318969727], [799.518432617, 551.773254395, 96.3534011841, 444.923553467, 127.767349243, 44.9442901611, -9.37645721436, 11.1382789612, 108.654884338, 80.6719284058, 40.0673027039, 14.1221885681, -20.5186805725], [69.1160736084, 110.860549927, 32.7338829041, 127.767349243, 254.514572144, 130.001739502, 117.323440552, 90.0178451538, 73.9361572266, 59.2303619385, 36.1393241882, 43.0746231079, 44.6784172058], [-421.766204834, -152.559371948, -14.6838617325, 44.9442901611, 130.001739502, 260.332519531, 245.632156372, 143.453964233, 51.5651893616, 15.1671848297, 26.0353145599, 62.1410446167, 83.4411849976], [-885.975952148, -365.012939453, -339.766021729, -9.37645721436, 117.323440552, 245.632156372, 451.359924316, 210.571685791, -3.85261368752, -40.4684028625, 15.7209663391, 159.169403076, 206.735626221], [-341.501281738, -127.4296875, -89.3006134033, 11.1382789612, 90.0178451538, 143.453964233, 210.571685791, 180.319259644, 57.1042900085, 8.36538410187, 13.7934656143, 56.219619751, 92.6655883789], [411.661224365, 215.064651489, 60.3795013428, 108.654884338, 73.9361572266, 51.5651893616, -3.85261368752, 57.1042900085, 144.87059021, 87.2226867676, 36.2810745239, -26.6353378296, -40.9047584534], [288.083374023, 267.198455811, 110.346817017, 80.6719284058, 59.2303619385, 15.1671848297, -40.4684028625, 8.36538410187, 87.2226867676, 116.47077179, 53.9560852051, -19.5503158569, -56.3613243103], [107.061233521, 103.610603333, 37.0429496765, 40.0673027039, 36.1393241882, 26.0353145599, 15.7209663391, 13.7934656143, 36.2810745239, 53.9560852051, 76.990562439, 29.5019226074, -3.98726963997], [-601.159362793, -215.526657104, -184.249130249, 14.1221885681, 43.0746231079, 62.1410446167, 159.169403076, 56.219619751, -26.6353378296, -19.5503158569, 29.5019226074, 146.471237183, 144.74647522], [-846.716369629, -390.204833984, -216.318969727, -20.5186805725, 44.6784172058, 83.4411849976, 206.735626221, 92.6655883789, -40.9047584534, -56.3613243103, -3.98726963997, 144.74647522, 235.617431641]]
        icov: [[0.00021401932463, -0.000200321926968, 0.000102355646959, -0.000122419005493, -0.000144932972034, 0.000122143625049, 5.06483847857e-05, 0.000129365565954, -0.000429194653407, 0.000726827187464, -0.000565304479096, 0.000635399017483, 0.000109010296001], [-0.000200321926968, 0.00110959494486, -6.84403639752e-05, -0.000916666642297, -2.0657069399e-05, 0.000588857801631, -0.000285895832349, -0.000349090521922, 0.0008566036704, -0.00172944227234, 2.94893470709e-05, 0.000125180551549, 0.000817192543764], [0.000102355646959, -6.84403639752e-05, 0.000990409404039, -0.000247168587521, -0.000183685624506, -0.000996464164928, 0.00143096735701, -0.000629007525276, 0.000815473205876, -0.000156231122673, -0.00087493553292, 0.00115025078412, -9.54532879405e-05], [-0.000122419005493, -0.000916666642297, -0.000247168587521, 0.00449877372012, -0.000972014036961, -0.000805374700576, 7.6465003076e-05, 0.00180428300519, -0.00307103339583, 0.000833352736663, 0.00148087530397, -0.00282214698382, -0.00067535036942], [-0.000144932972034, -2.0657069399e-05, -0.000183685624506, -0.000972014036961, 0.00696339597926, -0.00239105080254, 5.05792013428e-05, -0.00111657986417, 0.00010760238365, -0.00306083029136, 0.00104993255809, -0.00116699479986, -0.000866032612976], [0.000122143625049, 0.000588857801631, -0.000996464164928, -0.000805374700576, -0.00239105080254, 0.0125557957217, -0.00745268724859, -0.000366243708413, -0.00267055490986, 0.000696159375366, -0.00174884824082, 0.002564284252, 0.00121723883785], [5.06483847857e-05, -0.000285895832349, 0.00143096735701, 7.6465003076e-05, 5.05792013428e-05, -0.00745268724859, 0.0134904915467, -0.00880041718483, 0.00443440582603, 0.000861378852278, 8.22578149382e-05, -0.00497530726716, -0.000683327903971], [0.000129365565954, -0.000349090521922, -0.000629007525276, 0.00180428300519, -0.00111657986417, -0.000366243708413, -0.00880041718483, 0.0202863067389, -0.0103630451486, 0.00234292401001, 0.00016955222236, 0.00349103845656, -0.00382929435], [-0.000429194653407, 0.0008566036704, 0.000815473205876, -0.00307103339583, 0.00010760238365, -0.00267055490986, 0.00443440582603, -0.0103630451486, 0.0224782042205, -0.0130299516022, -0.000209567398997, 0.00317741720937, 0.000297655846225], [0.000726827187464, -0.00172944227234, -0.000156231122673, 0.000833352736663, -0.00306083029136, 0.000696159375366, 0.000861378852278, 0.00234292401001, -0.0130299516022, 0.0287318266928, -0.0125202247873, 0.000554639555048, 0.00239173718728], [-0.000565304479096, 2.94893470709e-05, -0.00087493553292, 0.00148087530397, 0.00104993255809, -0.00174884824082, 8.22578149382e-05, 0.00016955222236, -0.000209567398997, -0.0125202247873, 0.0281186588109, -0.0146124558523, 0.00404581101611], [0.000635399017483, 0.000125180551549, 0.00115025078412, -0.00282214698382, -0.00116699479986, 0.002564284252, -0.00497530726716, 0.00349103845656, 0.00317741720937, 0.000554639555048, -0.0146124558523, 0.0312617905438, -0.0131614049897], [0.000109010296001, 0.000817192543764, -9.54532879405e-05, -0.00067535036942, -0.000866032612976, 0.00121723883785, -0.000683327903971, -0.00382929435, 0.000297655846225, 0.00239173718728, 0.00404581101611, -0.0131614049897, 0.0164592266083]]
    sccoeffs:
        dmean: [0.0544588677585, 0.0438008531928, 0.0358508266509, 0.0309642087668, 0.019850011915, 0.0151547640562]
        dmean2: [0.0839856863022, 0.0720937550068, 0.0595692321658, 0.0515406467021, 0.033663854003, 0.0233185123652]
        dvar: [0.00314300088212, 0.00139704695903, 0.000800070876721, 0.000761790201068, 0.000309747847496, 0.000234404884395]
        dvar2: [0.00670128455386, 0.00375560275279, 0.00216249516234, 0.00214899051934, 0.000854557496496, 0.000497600180097]
        max: [-0.196473151445, -0.490095615387, -0.400217354298, -0.550872027874, -0.60229820013, -0.593383491039]
        mean: [-0.633226275444, -0.739488601685, -0.769967913628, -0.787421584129, -0.797253072262, -0.785514235497]
        median: [-0.643053710461, -0.732002139091, -0.784116625786, -0.787209749222, -0.800348639488, -0.798005700111]
        min: [-0.982143044472, -0.985485851765, -0.981131017208, -0.968917489052, -0.969536006451, -0.965314984322]
        var: [0.0170155707747, 0.00593585381284, 0.00852178316563, 0.00289004482329, 0.00237726699561, 0.00361718935892]
    scvalleys:
        dmean: [0.472543954849, 0.362890273333, 0.352322310209, 0.286817073822, 0.267018288374, 0.320363283157]
        dmean2: [0.719995081425, 0.581414282322, 0.548941135406, 0.446209192276, 0.388698965311, 0.395505666733]
        dvar: [0.273302733898, 0.12506377697, 0.125669747591, 0.101353697479, 0.111030824482, 0.208696007729]
        dvar2: [0.529621124268, 0.266881227493, 0.258373171091, 0.192318037152, 0.20401416719, 0.360263973475]
        max: [-4.749958992, -4.56911325455, -5.57830476761, -5.9116191864, -5.64733743668, -7.63636302948]
        mean: [-8.34107208252, -7.08460664749, -8.21865081787, -8.28579425812, -8.24785327911, -10.9751777649]
        median: [-7.33708000183, -6.20267724991, -7.49241304398, -7.53276205063, -7.557264328, -10.4286727905]
        min: [-28.2335834503, -28.4152431488, -27.865152359, -27.7803764343, -27.6261100769, -27.4094085693]
        var: [11.6968889236, 11.3805484772, 9.65017414093, 9.1939907074, 8.94903469086, 8.22022628784]

rhythm:
    beats_loudness:
        dmean: 0.00275691598654
        dmean2: 0.00508424313739
        dvar: 4.78036781715e-06
        dvar2: 1.63009008247e-05
        max: 0.0147419702262
        mean: 0.00501643493772
        median: 0.00490173697472
        min: 0
        var: 8.94688128028e-06
    bpm: 120.43409729
    bpm_confidence: 0
    first_peak_bpm: 120
    first_peak_spread: 0.34501349926
    first_peak_weight: 0.6328125
    onset_rate: 3.20463466644
    second_peak_bpm: 115
    second_peak_spread: 0.333333313465
    second_peak_weight: 0.0208333339542
    beats_loudness_band_ratio:
        dmean: [0.1669049263, 0.131256744266, 0.0821301862597, 0.0412412844598, 0.0620155036449, 0.0672984346747]
        dmean2: [0.275623559952, 0.233575582504, 0.13878954947, 0.0705248787999, 0.107736550272, 0.122227296233]
        dvar: [0.0177578870207, 0.0117578571662, 0.00510761002079, 0.00320509518497, 0.00436486769468, 0.00188372901175]
        dvar2: [0.0499047599733, 0.0348235182464, 0.014729722403, 0.0080808326602, 0.0125628765672, 0.00573213398457]
        max: [0.710183262825, 0.812063992023, 0.566691875458, 0.501938700676, 0.574042320251, 0.537523150444]
        mean: [0.269998550415, 0.309367001057, 0.191681399941, 0.0895229279995, 0.10315554589, 0.121107555926]
        median: [0.29469320178, 0.320839673281, 0.189299240708, 0.0402669534087, 0.08977034688, 0.0943816900253]
        min: [0, 0, 0, 0, 0, 0]
        var: [0.0311900228262, 0.0294034313411, 0.011591467075, 0.0158794298768, 0.00574282230809, 0.013246496208]
    beats_position: [0.522448956966, 1.05650794506, 1.59056687355, 2.12462592125, 2.6470746994, 3.1811337471, 3.72680258751, 4.2492518425, 4.76009082794, 5.25931978226, 5.75854873657, 6.25777769089, 6.7570066452, 7.25623559952, 7.75546455383, 8.24308395386, 8.73070240021, 9.22993183136, 9.72916126251, 10.2167797089, 10.71600914, 11.2152376175, 11.7028570175, 12.202085495, 12.7013149261, 13.1889343262, 13.6881628036, 14.1873922348, 14.6982307434, 15.2090702057, 15.7199087143, 16.2191371918, 16.7183666229, 17.2175960541, 17.7168254852, 18.2160549164, 18.7152824402, 19.2261219025, 19.7137413025, 20.2129707336, 20.7121982574, 21.2114276886, 21.7106571198, 22.1982765198, 22.7091159821, 23.2083435059, 23.707572937, 24.2068023682, 24.7060317993, 25.2052612305, 25.7044887543, 26.2037181854, 26.7029476166, 27.2021770477, 27.7014045715, 28.1890239716, 28.6998634338, 29.199092865, 29.6983222961, 30.1975498199, 30.6967792511, 31.1960086823, 31.6952381134, 32.1828575134, 32.6936950684, 33.1929244995, 33.6921539307, 34.1797714233, 34.690612793, 35.1898422241, 35.6890678406, 36.1766891479, 36.6759185791, 37.1751480103, 37.6743774414, 38.1736030579, 38.6844444275, 39.1836738586, 39.6829032898, 40.1821289062, 40.6813583374, 41.192199707, 41.6914291382, 42.1906585693, 42.7014961243, 43.2007255554, 43.6999549866, 44.2107925415, 44.7216300964, 45.2208595276, 45.7200889587, 46.2077102661, 46.7069396973, 47.2061653137, 47.7053947449, 48.204624176, 48.7154655457, 49.2146911621, 49.7139205933, 50.2131500244, 50.7123794556, 51.2116088867, 51.7108383179, 52.210067749, 52.7092971802, 53.2085266113, 53.7077522278, 54.2069816589, 54.7062110901, 55.2054405212, 55.7046699524, 56.2038993835, 56.7147369385, 57.2139663696, 57.7131958008, 58.2124252319, 58.7116546631, 59.2108840942, 59.7101135254, 60.2093429565, 60.6969604492, 61.1961898804, 61.6954193115, 62.1830368042, 62.6938781738, 63.1931037903, 63.6923332214, 64.1799545288, 64.67918396, 65.1784133911, 65.6776428223, 66.1768722534, 66.6761016846, 67.1753311157, 67.686164856, 68.1737823486, 68.6730117798, 69.1722412109, 69.6714706421, 70.1707000732, 70.6815414429, 71.1923828125, 71.7032165527, 72.2024459839, 72.7132873535, 73.2125167847, 73.7117462158, 74.1993637085, 74.6985931396, 75.1978225708, 75.697052002, 76.1846694946, 76.6955108643, 77.1831283569, 77.6707458496, 78.1699752808, 78.6692047119, 79.1684341431, 79.6676635742, 80.1552810669, 80.6661224365, 81.1653518677, 81.6645812988, 82.1521987915, 82.6514282227, 83.1390457153, 83.6382751465, 84.1375045776, 84.6367340088, 85.1243515015, 85.6119689941, 86.0995864868, 86.6104278564, 87.1096572876, 87.5972747803, 88.0965042114, 88.5841217041, 89.0717468262, 89.5593643188, 90.0469818115, 90.5345993042, 91.0338287354, 91.521446228, 92.0206756592, 92.5315170288, 93.03074646, 93.5299758911, 94.0292053223, 94.5284347534, 95.0276641846, 95.5268936157, 96.0145111084, 96.5021286011, 96.9897460938, 97.4773712158, 97.976600647, 98.4758224487, 98.9750518799, 99.474281311, 99.9735107422, 100.472740173, 100.960357666, 101.447982788, 101.947212219, 102.44644165, 102.945663452, 103.444892883, 103.932518005, 104.431747437, 104.930976868, 105.41859436, 105.917823792, 106.417053223, 106.916282654, 107.415504456, 107.914733887, 108.413963318, 108.90158844, 109.400817871, 109.900039673, 110.410881042, 110.910110474, 111.409339905, 111.908569336, 112.407798767, 112.907028198, 113.406257629, 113.905487061, 114.404716492, 114.915550232, 115.414779663, 115.914009094, 116.413238525, 116.912467957, 117.411697388, 117.910926819, 118.421768188, 118.909385681, 119.408615112, 119.907844543, 120.407073975, 120.906303406, 121.393920898, 121.881538391, 122.380767822, 122.879997253, 123.367614746, 123.866844177, 124.366073608, 124.86530304, 125.364532471, 125.863761902, 126.362991333, 126.862220764, 127.361450195, 127.849067688, 128.348297119, 128.847518921, 129.335144043, 129.834381104, 130.333602905, 130.832824707, 131.332061768, 131.831283569, 132.33052063, 132.829742432, 133.328979492, 133.839813232, 134.339050293, 134.838272095, 135.337509155, 135.836730957, 136.347564697, 136.846801758, 137.34602356, 137.833648682, 138.321273804, 138.820495605, 139.319732666, 139.807342529, 140.30657959, 140.805801392, 141.293426514, 141.781036377, 142.280273438, 142.779495239, 143.2787323, 143.777954102, 144.277191162, 144.776412964, 145.275650024, 145.774871826, 146.274108887, 146.773330688, 147.27255249, 147.771789551, 148.282623291, 148.781860352, 149.281082153, 149.780319214, 150.279541016, 150.778778076, 151.266387939, 151.765625, 152.27645874, 152.775695801, 153.274917603, 153.785751343, 154.296600342, 154.795822144, 155.295059204, 155.782669067, 156.293518066, 156.78112793, 157.28036499, 157.767974854, 158.267211914, 158.766433716, 159.265670776, 159.75328064, 160.2525177, 160.751739502, 161.239364624, 161.726974487, 162.237823486, 162.737045288, 163.236282349, 163.73550415, 164.234741211, 164.722351074, 165.233200073, 165.744033813, 166.254867554, 166.754104614, 167.253326416, 167.752563477, 168.251785278, 168.7394104, 169.227020264, 169.726257324, 170.225479126, 170.724716187, 171.223937988, 171.71156311, 172.199172974, 172.686798096, 173.174423218, 173.662033081, 174.149658203, 174.637283325, 175.124893188, 175.624130249, 176.123352051, 176.622589111, 177.121810913, 177.621032715, 178.120269775, 178.607894897, 179.095504761, 179.594741821, 180.105575562, 180.616409302, 181.115646362, 181.603256226, 182.090881348, 182.57850647, 183.066116333, 183.553741455, 184.041351318, 184.540588379, 185.051422119, 185.562271118, 186.06149292, 186.560714722, 187.071563721, 187.582397461, 188.09324646, 188.6040802, 189.126525879, 189.648971558, 190.171432495, 190.693878174, 191.216323853, 191.738769531, 192.24961853]
