
metadata:
    version:
        essentia: "2.0.1"
    audio_properties:
        analysis_sample_rate: 44100
        bitrate: 320
        channels: 2
        equal_loudness: 1
        length: 275.90637207
        replay_gain: -14.339925766
        downmix: "mix"
    tags:
        track: 3
        year: 2014
        album: "Loving Touch EP "
        artist: "Fracture"
        comment: ""
        genre: "Drum & Bass"
        title: "Overload"

configuration:
    average_loudness:
        compute: 1
        frameSize: 88200
        hopSize: 44100
        silentFrames: "noise"
        windowType: "hann"
    general:
        analysisSampleRate: 44100
        endTime: 2000
        equalLoudness: 1
        nequalLoudness: 0
        shortSound: 0
        startTime: 0
    lowlevel:
        compute: 1
        frameSize: 2048
        hopSize: 1024
        zeroPadding: 0
        silentFrames: "noise"
        windowType: "blackmanharris62"
        mfccStats: ["mean", "cov", "icov"]
        stats: ["mean", "var", "median", "min", "max", "dmean", "dmean2", "dvar", "dvar2"]
    panning:
        compute: 0
        frameSize: 8192
        hopSize: 2048
        zeroPadding: 8192
        silentFrames: "noise"
        windowType: "hann"
        stats: ["copy"]
    rhythm:
        compute: 1
        maxTempo: 208
        minTempo: 40
        method: "degara"
        stats: ["mean", "var", "median", "min", "max", "dmean", "dmean2", "dvar", "dvar2"]
    segmentation:
        compute: 0
        cpw: 5
        inc1: 300
        inc2: 50
        minimumSegmentsLength: 10
        size1: 1000
        size2: 600
    sfx:
        compute: 1
        stats: ["mean", "var", "median", "min", "max", "dmean", "dmean2", "dvar", "dvar2"]
    svm:
        compute: 0
    tonal:
        compute: 1
        frameSize: 4096
        hopSize: 2048
        zeroPadding: 0
        silentFrames: "noise"
        windowType: "blackmanharris62"
        stats: ["mean", "var", "median", "min", "max", "dmean", "dmean2", "dvar", "dvar2"]

lowlevel:
    average_loudness: 0.729458451271
    barkbands_kurtosis:
        dmean: 3.22985339165
        dmean2: 5.03886365891
        dvar: 40.6311416626
        dvar2: 95.2850875854
        max: 222.978256226
        mean: 3.27124977112
        median: 0.327451348305
        min: -1.92019808292
        var: 70.2398147583
    barkbands_skewness:
        dmean: 0.73860424757
        dmean2: 1.09969556332
        dvar: 0.648881018162
        dvar2: 1.3657348156
        max: 11.7517299652
        mean: 0.862685978413
        median: 0.825647592545
        min: -14.2188129425
        var: 2.56328654289
    barkbands_spread:
        dmean: 8.21759796143
        dmean2: 12.8700723648
        dvar: 80.3146057129
        dvar2: 189.650314331
        max: 83.0207672119
        mean: 24.9070739746
        median: 22.5861549377
        min: 0.868597686291
        var: 240.206329346
    dissonance:
        dmean: 0.0233713258058
        dmean2: 0.038485314697
        dvar: 0.000681511883158
        dvar2: 0.00177182490006
        max: 0.500000119209
        mean: 0.454769641161
        median: 0.471211433411
        min: 0.155091658235
        var: 0.00236156233586
    hfc:
        dmean: 2.71347403526
        dmean2: 4.0485291481
        dvar: 24.9777946472
        dvar2: 49.825138092
        max: 70.0637435913
        mean: 3.92789554596
        median: 1.69670283794
        min: 1.16993156822e-16
        var: 40.0581588745
    pitch:
        dmean: 819.389648438
        dmean2: 1549.9777832
        dvar: 1988544
        dvar2: 4775417.5
        max: 5026.10888672
        mean: 1312.94335938
        median: 422.315795898
        min: 43.1722259521
        var: 2763474
    pitch_instantaneous_confidence:
        dmean: 0.101151451468
        dmean2: 0.161758452654
        dvar: 0.0090714590624
        dvar2: 0.021005474031
        max: 0.991554141045
        mean: 0.441372931004
        median: 0.41303345561
        min: 0.0701414346695
        var: 0.0326575003564
    pitch_salience:
        dmean: 0.0815838649869
        dmean2: 0.129207447171
        dvar: 0.00706494599581
        dvar2: 0.0160328540951
        max: 0.970092356205
        mean: 0.622825562954
        median: 0.656536877155
        min: 0.0651196241379
        var: 0.0251514669508
    silence_rate_20dB:
        dmean: 0
        dmean2: 0
        dvar: 0
        dvar2: 0
        max: 1
        mean: 1
        median: 1
        min: 1
        var: 0
    silence_rate_30dB:
        dmean: 0
        dmean2: 0
        dvar: 0
        dvar2: 0
        max: 1
        mean: 1
        median: 1
        min: 1
        var: 0
    silence_rate_60dB:
        dmean: 0.145754441619
        dmean2: 0.291533410549
        dvar: 0.124507181346
        dvar2: 0.234477669001
        max: 1
        mean: 0.699511945248
        median: 1
        min: 0
        var: 0.210198462009
    spectral_centroid:
        dmean: 419.060119629
        dmean2: 640.25402832
        dvar: 264371.875
        dvar2: 562369.8125
        max: 11381.9511719
        mean: 1511.13146973
        median: 1252.54846191
        min: 107.82358551
        var: 1041810.375
    spectral_complexity:
        dmean: 3.61541700363
        dmean2: 5.49789619446
        dvar: 41.7294387817
        dvar2: 74.9078598022
        max: 57
        mean: 6.37899684906
        median: 4
        min: 0
        var: 77.799331665
    spectral_crest:
        dmean: 2.85683488846
        dmean2: 4.59125709534
        dvar: 7.47798204422
        dvar2: 17.5805892944
        max: 26.5214824677
        mean: 9.93537998199
        median: 8.70532417297
        min: 2.37182116508
        var: 24.1635837555
    spectral_decrease:
        dmean: 3.54380441658e-10
        dmean2: 5.19451703873e-10
        dvar: 4.64544063323e-19
        dvar2: 9.66116349779e-19
        max: 9.04918346449e-29
        mean: -6.21691642611e-10
        median: -3.4474950672e-10
        min: -6.61478205544e-09
        var: 6.56027896528e-19
    spectral_energy:
        dmean: 0.00156449677888
        dmean2: 0.00228987867013
        dvar: 8.19590241008e-06
        dvar2: 1.6851368855e-05
        max: 0.0260047446936
        mean: 0.00270267599262
        median: 0.00148867827374
        min: 1.07329947965e-20
        var: 1.19152200568e-05
    spectral_energyband_high:
        dmean: 0.000255549064605
        dmean2: 0.000387433654396
        dvar: 3.0109566751e-07
        dvar2: 6.54427537938e-07
        max: 0.0155121479183
        mean: 0.000308412476443
        median: 8.36506806081e-05
        min: 7.63883605014e-21
        var: 4.08075010228e-07
    spectral_energyband_low:
        dmean: 0.00018797449593
        dmean2: 0.000300666200928
        dvar: 4.20571723225e-07
        dvar2: 1.01810474007e-06
        max: 0.0067182527855
        mean: 0.000259166292381
        median: 6.07548208791e-05
        min: 4.78353672448e-23
        var: 4.1200220835e-07
    spectral_energyband_middle_high:
        dmean: 0.000549067393877
        dmean2: 0.000813239719719
        dvar: 1.22845244732e-06
        dvar2: 2.52239965448e-06
        max: 0.0121134426445
        mean: 0.000780022470281
        median: 0.000248171447311
        min: 1.60178971685e-21
        var: 2.02567366614e-06
    spectral_energyband_middle_low:
        dmean: 0.000962373218499
        dmean2: 0.00150144228246
        dvar: 5.60182024856e-06
        dvar2: 1.23723993966e-05
        max: 0.0240881349891
        mean: 0.00143933400977
        median: 0.000644177431241
        min: 2.59714769938e-22
        var: 6.41734868623e-06
    spectral_flatness_db:
        dmean: 0.0296130534261
        dmean2: 0.0447924435139
        dvar: 0.000831642362755
        dvar2: 0.00180036295205
        max: 0.50183314085
        mean: 0.194434508681
        median: 0.176160991192
        min: 0.0520504266024
        var: 0.0065870154649
    spectral_flux:
        dmean: 0.0118929268792
        dmean2: 0.0169438049197
        dvar: 0.000287358445348
        dvar2: 0.000515730818734
        max: 0.150812357664
        mean: 0.0305976625532
        median: 0.0231558829546
        min: 6.785598472e-11
        var: 0.000636604381725
    spectral_kurtosis:
        dmean: 2.18257594109
        dmean2: 3.49729537964
        dvar: 25.7548332214
        dvar2: 66.1179046631
        max: 131.527313232
        mean: 4.55838775635
        median: 2.28936696053
        min: -1.21974241734
        var: 94.030090332
    spectral_rms:
        dmean: 0.000412549416069
        dmean2: 0.000575135636609
        dvar: 3.27010496903e-07
        dvar2: 6.07268134445e-07
        max: 0.00503691192716
        mean: 0.0013726913603
        median: 0.00120514282025
        min: 3.23592563335e-12
        var: 7.52483231281e-07
    spectral_rolloff:
        dmean: 788.40020752
        dmean2: 1307.5526123
        dvar: 1136853.625
        dvar2: 2399282
        max: 19013.8183594
        mean: 2679.26464844
        median: 2799.31640625
        min: 86.1328125
        var: 3030439
    spectral_skewness:
        dmean: 0.31766602397
        dmean2: 0.482428789139
        dvar: 0.167580723763
        dvar2: 0.379732728004
        max: 8.67528629303
        mean: 1.45354259014
        median: 1.25208258629
        min: -0.209118112922
        var: 0.791367173195
    spectral_spread:
        dmean: 1087949.75
        dmean2: 1614049.125
        dvar: 1.44916611072e+12
        dvar2: 3.03276674253e+12
        max: 41645488
        mean: 5925049.5
        median: 5664594
        min: 633297.25
        var: 6.00000639795e+12
    spectral_strongpeak:
        dmean: 0.25879445672
        dmean2: 0.41752448678
        dvar: 0.34440484643
        dvar2: 0.863441288471
        max: 19.6105651855
        mean: 0.429752141237
        median: 0.216143757105
        min: 1.78513670512e-09
        var: 0.447028011084
    zerocrossingrate:
        dmean: 0.0152232972905
        dmean2: 0.0172963421792
        dvar: 0.000207473218325
        dvar2: 0.000275687634712
        max: 0.50341796875
        mean: 0.0867495089769
        median: 0.08056640625
        min: 0.0029296875
        var: 0.00212615425698
    barkbands:
        dmean: [2.85406002831e-07, 3.47292407241e-05, 8.91152158147e-05, 0.000228653545491, 0.000472636515042, 0.000147757134982, 0.000173732303665, 9.66962470557e-05, 0.000144032906974, 5.01706854266e-05, 3.08209200739e-05, 3.19711543852e-05, 5.76070597162e-05, 4.20831602241e-05, 4.18454983446e-05, 6.19960410404e-05, 7.05506681697e-05, 9.99019976007e-05, 0.000115324910439, 0.000149390325532, 0.000138244809932, 3.34412616212e-05, 1.55619254656e-05, 5.35324761586e-06, 3.62475793736e-06, 1.97508356337e-07, 1.50070011973e-09]
        dmean2: [3.56594654249e-07, 5.52526980755e-05, 0.000145559461089, 0.000388036220102, 0.00083755061496, 0.000258761196164, 0.000257396168308, 0.00015667633852, 0.00022715315572, 7.6607480878e-05, 4.62583375338e-05, 5.01078066009e-05, 9.11666138563e-05, 6.50123765809e-05, 6.56033007544e-05, 0.000103087993921, 0.000111581081001, 0.000164392607985, 0.000185271623195, 0.000221032329137, 0.000214576764847, 4.95900276292e-05, 2.39994824369e-05, 8.24931430543e-06, 5.60700982533e-06, 3.30130461634e-07, 2.51729770362e-09]
        dvar: [8.45575237433e-13, 6.49177289702e-09, 9.81993153459e-08, 1.03146237507e-06, 3.50536765836e-06, 1.15156936431e-07, 1.66610249153e-07, 8.95511149679e-08, 1.40707854257e-07, 1.98652809758e-08, 7.16985404381e-09, 7.13257275464e-09, 1.42042253515e-08, 1.4541524429e-08, 1.11494626864e-08, 2.53065426392e-08, 4.05574880347e-08, 6.5901929247e-08, 7.77992994472e-08, 1.30668098564e-07, 1.66203975027e-07, 3.29728400139e-09, 6.62576271626e-10, 7.52682777216e-11, 3.36367635134e-11, 1.05475185335e-13, 8.54324048046e-18]
        dvar2: [1.40913279309e-12, 1.51204329057e-08, 2.38089810978e-07, 2.59738999375e-06, 9.63777074503e-06, 3.14847454774e-07, 2.93485953762e-07, 2.29107882888e-07, 3.66346938563e-07, 3.81404561267e-08, 1.24957404424e-08, 1.70530771726e-08, 3.39830101836e-08, 3.11782955009e-08, 2.67099036222e-08, 6.72305588978e-08, 1.02864888163e-07, 1.73179415697e-07, 1.8707301308e-07, 2.72913439403e-07, 3.8433751115e-07, 6.46043840646e-09, 1.47183643051e-09, 1.66885560926e-10, 7.97809387998e-11, 2.68602360406e-13, 2.20201732547e-17]
        max: [1.59855499078e-05, 0.00124427583069, 0.00342860794626, 0.0103021003306, 0.0189596526325, 0.00532823661342, 0.0167755093426, 0.00423362990841, 0.00887076742947, 0.00484469765797, 0.00298781041056, 0.00189993239474, 0.00179358990863, 0.00256492081098, 0.00203793100081, 0.00241754297167, 0.00295555242337, 0.00524333165959, 0.004129932262, 0.00714107044041, 0.0153313968331, 0.00101809354965, 0.000235384344705, 8.73184981174e-05, 5.91144926148e-05, 2.37083145294e-06, 1.80332992983e-08]
        mean: [2.03681838684e-06, 0.000100596349512, 8.64830071805e-05, 0.000175643479452, 0.000404568272643, 0.000170860381331, 0.000340027618222, 0.000118394804304, 0.000216752479901, 6.61117665004e-05, 3.87660365959e-05, 3.78759250452e-05, 6.97785217199e-05, 4.92191138619e-05, 4.56851485069e-05, 6.7844404839e-05, 8.05751187727e-05, 0.000106325831439, 0.000128884668811, 0.000176411747816, 0.000153155604494, 4.12717017753e-05, 1.57368031068e-05, 5.71986538489e-06, 3.77160472453e-06, 1.78984208787e-07, 1.12329801016e-09]
        median: [1.56988200217e-08, 1.16328856166e-05, 9.89716136246e-06, 8.71835072758e-06, 6.35624601273e-05, 4.89851008751e-05, 3.78708864446e-05, 1.69107115653e-05, 2.80682106677e-05, 9.47605076362e-06, 6.09577318755e-06, 6.11002860751e-06, 1.14111799121e-05, 4.98212193634e-06, 6.78181004332e-06, 1.41446707858e-05, 1.32947479869e-05, 2.36815703829e-05, 3.114361607e-05, 3.28034329868e-05, 4.40270960098e-05, 1.14099739221e-05, 2.54132919508e-06, 8.09965513326e-07, 5.35655260592e-07, 2.93131492413e-08, 1.08518666275e-10]
        min: [3.09070622401e-23, 1.31715994904e-23, 8.1415525683e-24, 1.31077632883e-23, 2.66771869109e-23, 1.3804835494e-23, 3.62560945356e-23, 2.10858307448e-23, 5.02329679712e-23, 7.88424633586e-23, 2.92343300223e-23, 5.54092113295e-23, 5.35967813116e-23, 7.62460886167e-23, 1.34463802541e-22, 8.50050131957e-23, 1.14399308432e-22, 1.44408120003e-22, 2.64704586532e-22, 3.33918030665e-22, 2.94281847011e-22, 4.75768600505e-22, 4.76605424153e-22, 6.75144725089e-22, 1.02014038235e-21, 1.51840906292e-21, 2.40279690906e-21]
        var: [1.38591655513e-11, 3.64863126379e-08, 8.5055681609e-08, 7.87136627878e-07, 2.24179098041e-06, 1.0264827921e-07, 8.03944772088e-07, 9.84325367881e-08, 2.82768922943e-07, 3.86151519649e-08, 1.46024241587e-08, 8.75242456289e-09, 2.1083844004e-08, 2.16912070528e-08, 1.34010438302e-08, 2.30860237593e-08, 4.17333438918e-08, 6.00477747525e-08, 9.1163315119e-08, 2.18904077087e-07, 1.72676891452e-07, 5.42273870252e-09, 7.94292021045e-10, 9.78667077933e-11, 3.98365333776e-11, 1.02027056508e-13, 6.82395798497e-18]
    frequency_bands:
        dmean: [2.85406002831e-07, 3.47292407241e-05, 8.91152158147e-05, 0.000228653545491, 0.000472636515042, 0.000147757134982, 0.000173732303665, 9.66962470557e-05, 0.000144032906974, 5.01706854266e-05, 3.08209200739e-05, 3.19711543852e-05, 5.76070597162e-05, 4.20831602241e-05, 4.18454983446e-05, 6.19960410404e-05, 7.05506681697e-05, 9.99019976007e-05, 0.000115324910439, 0.000149390325532, 0.000138244809932, 3.34412616212e-05, 1.55619254656e-05, 5.35324761586e-06, 3.62475793736e-06, 1.97508356337e-07, 1.50070011973e-09, 3.15118139915e-11]
        dmean2: [3.56594654249e-07, 5.52526980755e-05, 0.000145559461089, 0.000388036220102, 0.00083755061496, 0.000258761196164, 0.000257396168308, 0.00015667633852, 0.00022715315572, 7.6607480878e-05, 4.62583375338e-05, 5.01078066009e-05, 9.11666138563e-05, 6.50123765809e-05, 6.56033007544e-05, 0.000103087993921, 0.000111581081001, 0.000164392607985, 0.000185271623195, 0.000221032329137, 0.000214576764847, 4.95900276292e-05, 2.39994824369e-05, 8.24931430543e-06, 5.60700982533e-06, 3.30130461634e-07, 2.51729770362e-09, 5.86818094117e-11]
        dvar: [8.45575237433e-13, 6.49177289702e-09, 9.81993153459e-08, 1.03146237507e-06, 3.50536765836e-06, 1.15156936431e-07, 1.66610249153e-07, 8.95511149679e-08, 1.40707854257e-07, 1.98652809758e-08, 7.16985404381e-09, 7.13257275464e-09, 1.42042253515e-08, 1.4541524429e-08, 1.11494626864e-08, 2.53065426392e-08, 4.05574880347e-08, 6.5901929247e-08, 7.77992994472e-08, 1.30668098564e-07, 1.66203975027e-07, 3.29728400139e-09, 6.62576271626e-10, 7.52682777216e-11, 3.36367635134e-11, 1.05475185335e-13, 8.54324048046e-18, 3.53203900128e-21]
        dvar2: [1.40913279309e-12, 1.51204329057e-08, 2.38089810978e-07, 2.59738999375e-06, 9.63777074503e-06, 3.14847454774e-07, 2.93485953762e-07, 2.29107882888e-07, 3.66346938563e-07, 3.81404561267e-08, 1.24957404424e-08, 1.70530771726e-08, 3.39830101836e-08, 3.11782955009e-08, 2.67099036222e-08, 6.72305588978e-08, 1.02864888163e-07, 1.73179415697e-07, 1.8707301308e-07, 2.72913439403e-07, 3.8433751115e-07, 6.46043840646e-09, 1.47183643051e-09, 1.66885560926e-10, 7.97809387998e-11, 2.68602360406e-13, 2.20201732547e-17, 1.14400920485e-20]
        max: [1.59855499078e-05, 0.00124427583069, 0.00342860794626, 0.0103021003306, 0.0189596526325, 0.00532823661342, 0.0167755093426, 0.00423362990841, 0.00887076742947, 0.00484469765797, 0.00298781041056, 0.00189993239474, 0.00179358990863, 0.00256492081098, 0.00203793100081, 0.00241754297167, 0.00295555242337, 0.00524333165959, 0.004129932262, 0.00714107044041, 0.0153313968331, 0.00101809354965, 0.000235384344705, 8.73184981174e-05, 5.91144926148e-05, 2.37083145294e-06, 1.80332992983e-08, 1.08655473507e-09]
        mean: [2.03681838684e-06, 0.000100596349512, 8.64830071805e-05, 0.000175643479452, 0.000404568272643, 0.000170860381331, 0.000340027618222, 0.000118394804304, 0.000216752479901, 6.61117665004e-05, 3.87660365959e-05, 3.78759250452e-05, 6.97785217199e-05, 4.92191138619e-05, 4.56851485069e-05, 6.7844404839e-05, 8.05751187727e-05, 0.000106325831439, 0.000128884668811, 0.000176411747816, 0.000153155604494, 4.12717017753e-05, 1.57368031068e-05, 5.71986538489e-06, 3.77160472453e-06, 1.78984208787e-07, 1.12329801016e-09, 2.39196162877e-11]
        median: [1.56988200217e-08, 1.16328856166e-05, 9.89716136246e-06, 8.71835072758e-06, 6.35624601273e-05, 4.89851008751e-05, 3.78708864446e-05, 1.69107115653e-05, 2.80682106677e-05, 9.47605076362e-06, 6.09577318755e-06, 6.11002860751e-06, 1.14111799121e-05, 4.98212193634e-06, 6.78181004332e-06, 1.41446707858e-05, 1.32947479869e-05, 2.36815703829e-05, 3.114361607e-05, 3.28034329868e-05, 4.40270960098e-05, 1.14099739221e-05, 2.54132919508e-06, 8.09965513326e-07, 5.35655260592e-07, 2.93131492413e-08, 1.08518666275e-10, 5.60922879325e-12]
        min: [3.09070622401e-23, 1.31715994904e-23, 8.1415525683e-24, 1.31077632883e-23, 2.66771869109e-23, 1.3804835494e-23, 3.62560945356e-23, 2.10858307448e-23, 5.02329679712e-23, 7.88424633586e-23, 2.92343300223e-23, 5.54092113295e-23, 5.35967813116e-23, 7.62460886167e-23, 1.34463802541e-22, 8.50050131957e-23, 1.14399308432e-22, 1.44408120003e-22, 2.64704586532e-22, 3.33918030665e-22, 2.94281847011e-22, 4.75768600505e-22, 4.76605424153e-22, 6.75144725089e-22, 1.02014038235e-21, 1.51840906292e-21, 2.40279690906e-21, 6.10794526394e-22]
        var: [1.38591655513e-11, 3.64863126379e-08, 8.5055681609e-08, 7.87136627878e-07, 2.24179098041e-06, 1.0264827921e-07, 8.03944772088e-07, 9.84325367881e-08, 2.82768922943e-07, 3.86151519649e-08, 1.46024241587e-08, 8.75242456289e-09, 2.1083844004e-08, 2.16912070528e-08, 1.34010438302e-08, 2.30860237593e-08, 4.17333438918e-08, 6.00477747525e-08, 9.1163315119e-08, 2.18904077087e-07, 1.72676891452e-07, 5.42273870252e-09, 7.94292021045e-10, 9.78667077933e-11, 3.98365333776e-11, 1.02027056508e-13, 6.82395798497e-18, 2.63136957092e-21]
    mfcc:
        mean: [-794.036376953, 79.4647293091, -28.5122146606, 38.2935523987, -25.8057823181, -8.82753276825, -8.88880634308, -10.7253427505, -2.46763825417, -5.26137208939, -0.382933050394, -0.605532169342, -2.30885744095]
        cov: [[9188.90332031, 249.891693115, -23.636964798, 261.729095459, -87.9532775879, 133.872711182, -77.6651611328, -153.649459839, -270.472259521, -215.339630127, -292.636505127, -220.143798828, -166.437133789], [249.891693115, 3151.81396484, 1042.91186523, 126.594833374, 568.77331543, 132.724212646, 218.48399353, 43.7281341553, -33.267791748, -101.576148987, -73.6055984497, 18.8941898346, -33.0784568787], [-23.636964798, 1042.91186523, 2293.57617188, 853.671691895, 794.992919922, 403.631072998, 374.4659729, 138.099029541, -90.2358169556, -73.8457794189, -124.146995544, -98.4064331055, 52.4762840271], [261.729095459, 126.594833374, 853.671691895, 939.791564941, 531.538269043, 280.391052246, 200.444839478, 54.163269043, -39.5105171204, -38.4781532288, -82.5077819824, -81.4989776611, 24.3918704987], [-87.9532775879, 568.77331543, 794.992919922, 531.538269043, 916.018249512, 350.166107178, 281.744567871, 126.152603149, 2.71833610535, -3.66331100464, -65.4802703857, -14.5675706863, 40.1883659363], [133.872711182, 132.724212646, 403.631072998, 280.391052246, 350.166107178, 296.9894104, 190.875595093, 105.898933411, 41.875202179, 21.0130805969, -15.4434423447, -18.1172218323, 5.95215129852], [-77.6651611328, 218.48399353, 374.4659729, 200.444839478, 281.744567871, 190.875595093, 287.745849609, 165.545898438, 79.9557952881, 61.8465232849, 10.5381555557, 6.10702180862, -12.0015335083], [-153.649459839, 43.7281341553, 138.099029541, 54.163269043, 126.152603149, 105.898933411, 165.545898438, 218.510147095, 124.922592163, 72.8254089355, 43.5623779297, 13.8940887451, -17.2113018036], [-270.472259521, -33.267791748, -90.2358169556, -39.5105171204, 2.71833610535, 41.875202179, 79.9557952881, 124.922592163, 179.142913818, 106.343681335, 72.0627822876, 39.8187484741, -12.2059898376], [-215.339630127, -101.576148987, -73.8457794189, -38.4781532288, -3.66331100464, 21.0130805969, 61.8465232849, 72.8254089355, 106.343681335, 157.622817993, 101.286621094, 60.15417099, 27.2447395325], [-292.636505127, -73.6055984497, -124.146995544, -82.5077819824, -65.4802703857, -15.4434423447, 10.5381555557, 43.5623779297, 72.0627822876, 101.286621094, 156.966461182, 112.806274414, 56.8563232422], [-220.143798828, 18.8941898346, -98.4064331055, -81.4989776611, -14.5675706863, -18.1172218323, 6.10702180862, 13.8940887451, 39.8187484741, 60.15417099, 112.806274414, 150.812530518, 96.8538589478], [-166.437133789, -33.0784568787, 52.4762840271, 24.3918704987, 40.1883659363, 5.95215129852, -12.0015335083, -17.2113018036, -12.2059898376, 27.2447395325, 56.8563232422, 96.8538589478, 161.067886353]]
        icov: [[0.000128310755827, -3.09197421302e-05, 4.45577825303e-05, -6.74554539728e-05, 0.000115772520076, -0.000226164149353, 8.42436857056e-05, -8.57834820636e-05, 0.000276298174867, -0.000140316406032, 0.000288340321276, -0.000141658834764, 0.000126590777654], [-3.09197421302e-05, 0.000474254251458, -0.000259932916379, 0.000262359797489, -0.000341967912391, 0.000351915019564, -0.000281508167973, 0.000334609445417, -0.000362312101061, 0.000487767974846, -4.95835702168e-05, -0.000442846008809, 0.000371335860109], [4.45577825303e-05, -0.000259932916379, 0.00100473081693, -0.000533823913429, -2.84768120764e-05, -0.000301462307107, -0.000541384273674, -0.000396507617552, 0.000810144119896, 2.02753271878e-05, -0.000136570452014, 0.000815562496427, -0.000702548597474], [-6.74554539728e-05, 0.000262359797489, -0.000533823913429, 0.0022581780795, -0.00081325112842, -0.000396715156967, -0.000551103206817, 0.000833651574794, -0.00047824846115, 0.000651424517855, -0.000827651645523, 0.00146525539458, -0.000653648807202], [0.000115772520076, -0.000341967912391, -2.84768120764e-05, -0.00081325112842, 0.00297335302457, -0.00223427196033, -0.00029874232132, -0.000639495905489, 0.000992990098894, -0.000911243900191, 0.00211702845991, -0.00153333740309, -0.000163962133229], [-0.000226164149353, 0.000351915019564, -0.000301462307107, -0.000396715156967, -0.00223427196033, 0.00908748432994, -0.0035299193114, 0.000429852429079, -0.0020553173963, 0.00153297476936, -0.00187664292753, 0.00223031407222, -0.00109232030809], [8.42436857056e-05, -0.000281508167973, -0.000541384273674, -0.000551103206817, -0.00029874232132, -0.0035299193114, 0.0113009074703, -0.00591791421175, 0.00161569693591, -0.0038990250323, 0.00338604464196, -0.00398944923654, 0.00268940068781], [-8.57834820636e-05, 0.000334609445417, -0.000396507617552, 0.000833651574794, -0.000639495905489, 0.000429852429079, -0.00591791421175, 0.0129716433585, -0.00735331699252, 0.00254863640293, -0.00346409133635, 0.00282848253846, -0.000394523638533], [0.000276298174867, -0.000362312101061, 0.000810144119896, -0.00047824846115, 0.000992990098894, -0.0020553173963, 0.00161569693591, -0.00735331699252, 0.0158542096615, -0.00764793297276, 0.00172434665728, -0.00314705935307, 0.00296122510917], [-0.000140316406032, 0.000487767974846, 2.02753271878e-05, 0.000651424517855, -0.000911243900191, 0.00153297476936, -0.0038990250323, 0.00254863640293, -0.00764793297276, 0.0172782521695, -0.0104628186673, 0.00480245472863, -0.00269424077123], [0.000288340321276, -4.95835702168e-05, -0.000136570452014, -0.000827651645523, 0.00211702845991, -0.00187664292753, 0.00338604464196, -0.00346409133635, 0.00172434665728, -0.0104628186673, 0.0245007090271, -0.0165295377374, 0.00307227461599], [-0.000141658834764, -0.000442846008809, 0.000815562496427, 0.00146525539458, -0.00153333740309, 0.00223031407222, -0.00398944923654, 0.00282848253846, -0.00314705935307, 0.00480245472863, -0.0165295377374, 0.0265561323613, -0.0116045735776], [0.000126590777654, 0.000371335860109, -0.000702548597474, -0.000653648807202, -0.000163962133229, -0.00109232030809, 0.00268940068781, -0.000394523638533, 0.00296122510917, -0.00269424077123, 0.00307227461599, -0.0116045735776, 0.0135567635298]]
    sccoeffs:
        dmean: [0.0598799474537, 0.0546391122043, 0.0426981598139, 0.0332957059145, 0.0225794054568, 0.0219070557505]
        dmean2: [0.0946950018406, 0.0895080715418, 0.0678502768278, 0.0544259659946, 0.0364184677601, 0.0318439677358]
        dvar: [0.00372248585336, 0.00226643797942, 0.00151341513265, 0.000880713749211, 0.000382866041036, 0.000414127542172]
        dvar2: [0.00825817510486, 0.00589885236695, 0.00358667946421, 0.00221953075379, 0.000954708491918, 0.000830006203614]
        max: [-0.216709524393, -0.299032986164, -0.330236107111, -0.50234156847, -0.587048470974, -0.50238186121]
        mean: [-0.665178120136, -0.712497472763, -0.769595682621, -0.801980733871, -0.81729143858, -0.765403211117]
        median: [-0.68778181076, -0.729144215584, -0.797437548637, -0.813714385033, -0.820410490036, -0.770089626312]
        min: [-0.982531070709, -0.969491362572, -0.981424570084, -0.961281955242, -0.965679585934, -0.964845240116]
        var: [0.0168786216527, 0.0103706410155, 0.0105093410239, 0.00366268400103, 0.00127947796136, 0.00309497141279]
    scvalleys:
        dmean: [0.472906082869, 0.53304207325, 0.530169069767, 0.494693666697, 0.480855584145, 0.631786346436]
        dmean2: [0.773180603981, 0.850071907043, 0.80324524641, 0.72714227438, 0.660660207272, 0.82356774807]
        dvar: [0.233115196228, 0.309132635593, 0.311566054821, 0.309409558773, 0.299464523792, 0.450396209955]
        dvar2: [0.585417985916, 0.706142604351, 0.662536919117, 0.620606064796, 0.587907731533, 0.891474843025]
        max: [-5.0188999176, -4.55675792694, -5.343085289, -5.4750289917, -5.31396722794, -7.51171398163]
        mean: [-8.55758571625, -7.57813215256, -8.06163024902, -8.2419424057, -8.0103969574, -10.1133918762]
        median: [-7.7538061142, -7.30762910843, -7.94566822052, -8.20927143097, -7.90329265594, -9.95708274841]
        min: [-28.0730228424, -27.7351608276, -27.6016654968, -27.4171009064, -27.2984981537, -27.2545814514]
        var: [5.6181473732, 2.3794901371, 1.63670182228, 1.58530700207, 1.67201721668, 2.61009526253]

rhythm:
    beats_loudness:
        dmean: 0.00487776147202
        dmean2: 0.00911971740425
        dvar: 2.02194114536e-05
        dvar2: 5.93308104726e-05
        max: 0.0184734482318
        mean: 0.00566439377144
        median: 0.00350321712904
        min: 3.5755573502e-10
        var: 2.53892449109e-05
    bpm: 172.265167236
    bpm_confidence: 0
    first_peak_bpm: 172
    first_peak_spread: 0
    first_peak_weight: 0.55083656311
    onset_rate: 5.2191619873
    second_peak_bpm: 167
    second_peak_spread: 0
    second_peak_weight: 0.397683411837
    beats_loudness_band_ratio:
        dmean: [0.204846948385, 0.132959589362, 0.194721877575, 0.0699017867446, 0.114361010492, 0.161091148853]
        dmean2: [0.345532804728, 0.242079705, 0.365144193172, 0.11691582948, 0.199229568243, 0.279606938362]
        dvar: [0.0648840516806, 0.0207102447748, 0.0594316609204, 0.00479387445375, 0.0115410070866, 0.0204629916698]
        dvar2: [0.125563547015, 0.0586655698717, 0.1635337919, 0.0103032775223, 0.0277525838464, 0.053050108254]
        max: [0.93092995882, 0.832905471325, 0.950137734413, 0.763319253922, 0.599941432476, 0.948943257332]
        mean: [0.214696660638, 0.147843420506, 0.213912114501, 0.0947207957506, 0.130256146193, 0.248054549098]
        median: [0.0804729163647, 0.100652523339, 0.0915069282055, 0.0648908615112, 0.0877092033625, 0.194223985076]
        min: [6.18442115297e-08, 5.54310304324e-07, 0.000800778274424, 0.000702661753166, 0.00174504553434, 7.07937797415e-05]
        var: [0.0812373831868, 0.0235196333379, 0.059799131006, 0.0127302650362, 0.0146513385698, 0.0428964868188]
