
metadata:
    version:
        essentia: "2.0.1"
    audio_properties:
        analysis_sample_rate: 44100
        bitrate: 320
        channels: 2
        equal_loudness: 1
        length: 260.180664062
        replay_gain: -13.5032119751
        downmix: "mix"
    tags:
        track: 1
        year: 2014
        album: "Okokok"
        artist: "Matt El"
        comment: ""
        genre: "New Wave/Post-Punk"
        title: "Okokok"

configuration:
    average_loudness:
        compute: 1
        frameSize: 88200
        hopSize: 44100
        silentFrames: "noise"
        windowType: "hann"
    general:
        analysisSampleRate: 44100
        endTime: 2000
        equalLoudness: 1
        nequalLoudness: 0
        shortSound: 0
        startTime: 0
    lowlevel:
        compute: 1
        frameSize: 2048
        hopSize: 1024
        zeroPadding: 0
        silentFrames: "noise"
        windowType: "blackmanharris62"
        mfccStats: ["mean", "cov", "icov"]
        stats: ["mean", "var", "median", "min", "max", "dmean", "dmean2", "dvar", "dvar2"]
    panning:
        compute: 0
        frameSize: 8192
        hopSize: 2048
        zeroPadding: 8192
        silentFrames: "noise"
        windowType: "hann"
        stats: ["copy"]
    rhythm:
        compute: 1
        maxTempo: 208
        minTempo: 40
        method: "degara"
        stats: ["mean", "var", "median", "min", "max", "dmean", "dmean2", "dvar", "dvar2"]
    segmentation:
        compute: 0
        cpw: 5
        inc1: 300
        inc2: 50
        minimumSegmentsLength: 10
        size1: 1000
        size2: 600
    sfx:
        compute: 1
        stats: ["mean", "var", "median", "min", "max", "dmean", "dmean2", "dvar", "dvar2"]
    svm:
        compute: 0
    tonal:
        compute: 1
        frameSize: 4096
        hopSize: 2048
        zeroPadding: 0
        silentFrames: "noise"
        windowType: "blackmanharris62"
        stats: ["mean", "var", "median", "min", "max", "dmean", "dmean2", "dvar", "dvar2"]

lowlevel:
    average_loudness: 0.653836905956
    barkbands_kurtosis:
        dmean: 2.18560266495
        dmean2: 3.47461891174
        dvar: 8.25263977051
        dvar2: 20.7545452118
        max: 60.1417350769
        mean: 4.08744239807
        median: 2.90655565262
        min: -1.92574071884
        var: 25.0067138672
    barkbands_skewness:
        dmean: 0.424744695425
        dmean2: 0.679382622242
        dvar: 0.164676398039
        dvar2: 0.411324560642
        max: 6.78656673431
        mean: 1.70650267601
        median: 1.68050050735
        min: -4.80340051651
        var: 0.849151194096
    barkbands_spread:
        dmean: 3.87857198715
        dmean2: 6.03589010239
        dvar: 23.3367481232
        dvar2: 52.2642669678
        max: 70.9959411621
        mean: 16.0920314789
        median: 13.3133630753
        min: 1.40501201153
        var: 106.564323425
    dissonance:
        dmean: 0.02308177948
        dmean2: 0.0385330468416
        dvar: 0.000462973344838
        dvar2: 0.00128799327649
        max: 0.500000059605
        mean: 0.448106825352
        median: 0.455689221621
        min: 0.220084130764
        var: 0.00126193626784
    hfc:
        dmean: 0.671779334545
        dmean2: 0.994820535183
        dvar: 1.69440710545
        dvar2: 3.71926426888
        max: 32.2799987793
        mean: 2.40198969841
        median: 1.39804363251
        min: 1.10618042754e-16
        var: 8.39373207092
    pitch:
        dmean: 190.105880737
        dmean2: 366.038330078
        dvar: 463946.9375
        dvar2: 1235147.875
        max: 5170.45703125
        mean: 399.061981201
        median: 198.215942383
        min: 52.0369720459
        var: 663011.4375
    pitch_instantaneous_confidence:
        dmean: 0.0786077305675
        dmean2: 0.123694866896
        dvar: 0.0050606993027
        dvar2: 0.0118024451658
        max: 0.952443480492
        mean: 0.468725830317
        median: 0.439284265041
        min: 0.103403151035
        var: 0.0280612595379
    pitch_salience:
        dmean: 0.0649405643344
        dmean2: 0.107301101089
        dvar: 0.0031216617208
        dvar2: 0.00843928568065
        max: 0.853090107441
        mean: 0.579735457897
        median: 0.588746964931
        min: 0.136800736189
        var: 0.0107552912086
    silence_rate_20dB:
        dmean: 0
        dmean2: 0
        dvar: 0
        dvar2: 0
        max: 1
        mean: 1
        median: 1
        min: 1
        var: 0
    silence_rate_30dB:
        dmean: 0
        dmean2: 0
        dvar: 0
        dvar2: 0
        max: 1
        mean: 1
        median: 1
        min: 1
        var: 0
    silence_rate_60dB:
        dmean: 0.0856683924794
        dmean2: 0.17135207355
        dvar: 0.0783200338483
        dvar2: 0.166820958257
        max: 1
        mean: 0.60239136219
        median: 1
        min: 0
        var: 0.239535018802
    spectral_centroid:
        dmean: 124.517578125
        dmean2: 195.54725647
        dvar: 43997.7773438
        dvar2: 78429.984375
        max: 11352.2958984
        mean: 676.966430664
        median: 557.359069824
        min: 167.93006897
        var: 192808.15625
    spectral_complexity:
        dmean: 1.40514016151
        dmean2: 2.32663989067
        dvar: 3.37151479721
        dvar2: 8.46224308014
        max: 35
        mean: 6.65084314346
        median: 6
        min: 0
        var: 17.1589412689
    spectral_crest:
        dmean: 2.43353176117
        dmean2: 3.99506258965
        dvar: 4.72962713242
        dvar2: 12.8812322617
        max: 24.1177101135
        mean: 9.98833751678
        median: 9.30111122131
        min: 2.66928124428
        var: 13.1246433258
    spectral_decrease:
        dmean: 2.38964958932e-10
        dmean2: 3.75151465448e-10
        dvar: 1.22779930511e-19
        dvar2: 2.99544821423e-19
        max: 2.1854102601e-30
        mean: -8.19900258797e-10
        median: -6.10548445135e-10
        min: -5.99485128205e-09
        var: 5.4397976851e-19
    spectral_energy:
        dmean: 0.000951346475631
        dmean2: 0.00148782064207
        dvar: 1.95774487111e-06
        dvar2: 4.73402997159e-06
        max: 0.0244117900729
        mean: 0.00331235374324
        median: 0.0024460114073
        min: 1.00251454886e-20
        var: 8.99454698811e-06
    spectral_energyband_high:
        dmean: 3.64822299161e-05
        dmean2: 5.50905751879e-05
        dvar: 1.44958329784e-08
        dvar2: 2.90320407714e-08
        max: 0.00554398680106
        mean: 6.9519119279e-05
        median: 1.81965333468e-05
        min: 7.51478157647e-21
        var: 4.00779924803e-08
    spectral_energyband_low:
        dmean: 0.000329748349031
        dmean2: 0.000564543937799
        dvar: 4.91309378958e-07
        dvar2: 1.31123158553e-06
        max: 0.0102115739137
        mean: 0.000480269402033
        median: 0.000237823638599
        min: 3.65584081226e-23
        var: 5.5958963685e-07
    spectral_energyband_middle_high:
        dmean: 0.000171237930772
        dmean2: 0.00025130881113
        dvar: 1.12677938091e-07
        dvar2: 2.44197366328e-07
        max: 0.0102010797709
        mean: 0.000583231041674
        median: 0.000292368174996
        min: 1.14797411821e-21
        var: 7.06035848452e-07
    spectral_energyband_middle_low:
        dmean: 0.000755126588047
        dmean2: 0.00119700317737
        dvar: 1.19180003821e-06
        dvar2: 2.96496227747e-06
        max: 0.0193064380437
        mean: 0.00234573730268
        median: 0.00168035354
        min: 2.79699229375e-22
        var: 5.16924183103e-06
    spectral_flatness_db:
        dmean: 0.019911589101
        dmean2: 0.0308957584202
        dvar: 0.000347100780345
        dvar2: 0.000761687988415
        max: 0.42437505722
        mean: 0.204147934914
        median: 0.197056695819
        min: 0.0619470998645
        var: 0.00308395479806
    spectral_flux:
        dmean: 0.00657961331308
        dmean2: 0.0104976911098
        dvar: 6.83847683831e-05
        dvar2: 0.000159134258865
        max: 0.118852443993
        mean: 0.0252859145403
        median: 0.0228372979909
        min: 1.03629833881e-10
        var: 0.000257357722148
    spectral_kurtosis:
        dmean: 4.20464849472
        dmean2: 6.97118139267
        dvar: 49.2536201477
        dvar2: 135.898834229
        max: 117.866149902
        mean: 11.1308612823
        median: 6.89764118195
        min: -1.18565428257
        var: 158.741516113
    spectral_rms:
        dmean: 0.000236247899011
        dmean2: 0.000364815583453
        dvar: 7.8630002065e-08
        dvar2: 1.8679035918e-07
        max: 0.00488020293415
        mean: 0.00161075533833
        median: 0.00154478242621
        min: 3.12739981481e-12
        var: 6.37024243133e-07
    spectral_rolloff:
        dmean: 332.811523438
        dmean2: 572.23223877
        dvar: 332007.8125
        dvar2: 725909.1875
        max: 18776.953125
        mean: 1151.40441895
        median: 732.12890625
        min: 150.732421875
        var: 996563.875
    spectral_skewness:
        dmean: 0.366930365562
        dmean2: 0.588668227196
        dvar: 0.219495072961
        dvar2: 0.564447999001
        max: 8.04600906372
        mean: 2.3156337738
        median: 2.137758255
        min: -0.0528400205076
        var: 1.00355792046
    spectral_spread:
        dmean: 577175.5
        dmean2: 822454.75
        dvar: 1.01328263578e+12
        dvar2: 1.85914438451e+12
        max: 39966952
        mean: 3732861.25
        median: 3584092
        min: 686390.625
        var: 3.40061192192e+12
    spectral_strongpeak:
        dmean: 0.169375821948
        dmean2: 0.283382564783
        dvar: 0.0863517969847
        dvar2: 0.225176602602
        max: 5.94060468674
        mean: 0.374177902937
        median: 0.219773754478
        min: 5.25247276228e-11
        var: 0.193388655782
    zerocrossingrate:
        dmean: 0.00600717542693
        dmean2: 0.00717052258551
        dvar: 6.24160093139e-05
        dvar2: 6.317885709e-05
        max: 0.50732421875
        mean: 0.0441466905177
        median: 0.0380859375
        min: 0.005859375
        var: 0.000583660206757
    barkbands:
        dmean: [5.4371622582e-07, 5.439601955e-05, 0.000217278837226, 0.000197629706236, 0.000341381295584, 0.000228723642067, 0.000132359142299, 0.000145743993926, 0.000133715308039, 6.48090572213e-05, 2.93145549222e-05, 2.55621162069e-05, 2.02616793104e-05, 2.42844034801e-05, 2.18914065044e-05, 1.67788057297e-05, 2.25819458137e-05, 4.04104794143e-05, 3.1035298889e-05, 2.77651342913e-05, 1.93043943e-05, 5.51246785108e-06, 1.92315928871e-06, 1.08337633264e-06, 9.00048974017e-07, 5.50983045855e-08, 3.04223313208e-10]
        dmean2: [8.65994024934e-07, 9.40708414419e-05, 0.000373885384761, 0.000356244156137, 0.000555185659323, 0.000357935001375, 0.000212334736716, 0.000222827147809, 0.000200752911041, 9.7437237855e-05, 4.38672614109e-05, 3.83032565878e-05, 3.16000005114e-05, 3.77069336537e-05, 3.34454744007e-05, 2.62317680608e-05, 3.76780226361e-05, 6.33133386145e-05, 4.94183077535e-05, 4.34129215137e-05, 3.04205805151e-05, 8.17333329906e-06, 2.95277868645e-06, 1.69477448253e-06, 1.50977291469e-06, 9.68068292195e-08, 5.32681565524e-10]
        dvar: [9.82636064531e-13, 1.05301980469e-08, 1.76989473744e-07, 2.35222429978e-07, 2.71419622777e-07, 1.88876370544e-07, 1.73845748463e-07, 1.51182916852e-07, 1.44142546787e-07, 6.24444282948e-08, 7.56212070741e-09, 4.83439999144e-09, 2.77951861527e-09, 8.11585909588e-09, 3.71057806703e-09, 1.29839272667e-09, 3.91436705272e-09, 1.17657847909e-08, 7.77084707693e-09, 8.52311909938e-09, 5.42557021532e-09, 4.06465000546e-10, 3.05473354945e-11, 1.28635982075e-11, 1.17873202518e-11, 5.39560360095e-14, 7.52519600657e-19]
        dvar2: [2.57752152955e-12, 2.89752950522e-08, 4.7515783308e-07, 7.02411057318e-07, 7.3011551649e-07, 4.53661925803e-07, 3.95650090468e-07, 3.37590478239e-07, 3.41491784184e-07, 1.34578584721e-07, 1.57422483937e-08, 1.0243195625e-08, 6.04270056215e-09, 1.81312280745e-08, 8.10897038406e-09, 3.01339020403e-09, 1.02647002009e-08, 2.61455195272e-08, 1.69874336819e-08, 1.85003070641e-08, 1.15034444192e-08, 8.97756757823e-10, 6.86987827736e-11, 3.14396703116e-11, 3.09530977238e-11, 1.45418779015e-13, 1.94087301465e-18]
        max: [1.15063239718e-05, 0.00142845511436, 0.00513202790171, 0.00724492315203, 0.011315016076, 0.0132926441729, 0.0149401696399, 0.0112952739, 0.0121691823006, 0.0144666088745, 0.00355173833668, 0.00344815221615, 0.0030878058169, 0.00496504921466, 0.0022428764496, 0.000683007761836, 0.00167255708948, 0.00408516637981, 0.00365561270155, 0.0044537242502, 0.0036897349637, 0.00159967935178, 0.000155427260324, 6.61940284772e-05, 3.66269523511e-05, 3.3629992231e-06, 1.25793420125e-08]
        mean: [7.74713726059e-07, 7.35802241252e-05, 0.000279999745544, 0.000240881970967, 0.00067602598574, 0.000509365112521, 0.000246801530011, 0.000310033530695, 0.000281424523564, 0.000126427024952, 5.97503822064e-05, 5.96313802816e-05, 4.10475331591e-05, 4.8975689424e-05, 4.28305465903e-05, 3.04830900859e-05, 4.13085726905e-05, 8.25322567835e-05, 6.13157317275e-05, 5.00864116475e-05, 3.40199185302e-05, 9.97781080514e-06, 3.02230137095e-06, 1.24208736452e-06, 7.81072401423e-07, 4.06745321868e-08, 2.61011212643e-10]
        median: [2.45561579959e-07, 3.68033433915e-05, 0.000120937009342, 9.74488866632e-05, 0.000452006061096, 0.000253657141002, 8.67688067956e-05, 6.82587124174e-05, 6.48633285891e-05, 3.22479754686e-05, 1.92381794477e-05, 1.79359722097e-05, 1.82321182365e-05, 1.50347559611e-05, 1.36065173137e-05, 1.31920432977e-05, 1.45584954225e-05, 1.8503249521e-05, 1.63684471772e-05, 1.36080298034e-05, 7.7695294749e-06, 1.75314391981e-06, 6.0184567019e-07, 1.51702906237e-07, 6.92964263749e-08, 1.88690130187e-09, 5.63590354941e-11]
        min: [2.74607608703e-24, 1.66930004184e-23, 7.55192795103e-24, 5.49041628564e-24, 1.67248341114e-23, 8.77790078591e-23, 1.48970465494e-23, 2.46616820079e-23, 2.159833632e-23, 7.16296304231e-23, 5.09404657627e-23, 6.04919620487e-23, 5.29344568511e-23, 9.94706585374e-23, 1.2904175328e-22, 9.52611074205e-23, 8.61007914802e-23, 1.17449069936e-22, 1.94221454994e-22, 2.57733277562e-22, 3.91218943067e-22, 5.42822989139e-22, 6.64013077301e-22, 6.96691255336e-22, 1.05259742689e-21, 1.61447237877e-21, 1.98800622155e-21]
        var: [1.76776876557e-12, 1.30567112677e-08, 2.06410788905e-07, 2.13329570897e-07, 5.72656517761e-07, 5.90367676523e-07, 4.91286186843e-07, 6.13463441823e-07, 4.41614758984e-07, 1.62684955285e-07, 2.74737743666e-08, 2.26590213259e-08, 8.22218559904e-09, 2.19880771368e-08, 9.37483779495e-09, 2.80109557771e-09, 8.62484306197e-09, 5.15056157724e-08, 2.32870736028e-08, 1.93290130568e-08, 1.38060265442e-08, 1.06969788582e-09, 6.09382683203e-11, 1.39026680793e-11, 9.10357986911e-12, 3.70514166223e-14, 6.16413855101e-19]
    frequency_bands:
        dmean: [5.4371622582e-07, 5.439601955e-05, 0.000217278837226, 0.000197629706236, 0.000341381295584, 0.000228723642067, 0.000132359142299, 0.000145743993926, 0.000133715308039, 6.48090572213e-05, 2.93145549222e-05, 2.55621162069e-05, 2.02616793104e-05, 2.42844034801e-05, 2.18914065044e-05, 1.67788057297e-05, 2.25819458137e-05, 4.04104794143e-05, 3.1035298889e-05, 2.77651342913e-05, 1.93043943e-05, 5.51246785108e-06, 1.92315928871e-06, 1.08337633264e-06, 9.00048974017e-07, 5.50983045855e-08, 3.04223313208e-10, 3.2579466902e-11]
        dmean2: [8.65994024934e-07, 9.40708414419e-05, 0.000373885384761, 0.000356244156137, 0.000555185659323, 0.000357935001375, 0.000212334736716, 0.000222827147809, 0.000200752911041, 9.7437237855e-05, 4.38672614109e-05, 3.83032565878e-05, 3.16000005114e-05, 3.77069336537e-05, 3.34454744007e-05, 2.62317680608e-05, 3.76780226361e-05, 6.33133386145e-05, 4.94183077535e-05, 4.34129215137e-05, 3.04205805151e-05, 8.17333329906e-06, 2.95277868645e-06, 1.69477448253e-06, 1.50977291469e-06, 9.68068292195e-08, 5.32681565524e-10, 6.01232397202e-11]
        dvar: [9.82636064531e-13, 1.05301980469e-08, 1.76989473744e-07, 2.35222429978e-07, 2.71419622777e-07, 1.88876370544e-07, 1.73845748463e-07, 1.51182916852e-07, 1.44142546787e-07, 6.24444282948e-08, 7.56212070741e-09, 4.83439999144e-09, 2.77951861527e-09, 8.11585909588e-09, 3.71057806703e-09, 1.29839272667e-09, 3.91436705272e-09, 1.17657847909e-08, 7.77084707693e-09, 8.52311909938e-09, 5.42557021532e-09, 4.06465000546e-10, 3.05473354945e-11, 1.28635982075e-11, 1.17873202518e-11, 5.39560360095e-14, 7.52519600657e-19, 3.29235089799e-21]
        dvar2: [2.57752152955e-12, 2.89752950522e-08, 4.7515783308e-07, 7.02411057318e-07, 7.3011551649e-07, 4.53661925803e-07, 3.95650090468e-07, 3.37590478239e-07, 3.41491784184e-07, 1.34578584721e-07, 1.57422483937e-08, 1.0243195625e-08, 6.04270056215e-09, 1.81312280745e-08, 8.10897038406e-09, 3.01339020403e-09, 1.02647002009e-08, 2.61455195272e-08, 1.69874336819e-08, 1.85003070641e-08, 1.15034444192e-08, 8.97756757823e-10, 6.86987827736e-11, 3.14396703116e-11, 3.09530977238e-11, 1.45418779015e-13, 1.94087301465e-18, 1.02634534766e-20]
        max: [1.15063239718e-05, 0.00142845511436, 0.00513202790171, 0.00724492315203, 0.011315016076, 0.0132926441729, 0.0149401696399, 0.0112952739, 0.0121691823006, 0.0144666088745, 0.00355173833668, 0.00344815221615, 0.0030878058169, 0.00496504921466, 0.0022428764496, 0.000683007761836, 0.00167255708948, 0.00408516637981, 0.00365561270155, 0.0044537242502, 0.0036897349637, 0.00159967935178, 0.000155427260324, 6.61940284772e-05, 3.66269523511e-05, 3.3629992231e-06, 1.25793420125e-08, 6.62221166792e-10]
        mean: [7.74713726059e-07, 7.35802241252e-05, 0.000279999745544, 0.000240881970967, 0.00067602598574, 0.000509365112521, 0.000246801530011, 0.000310033530695, 0.000281424523564, 0.000126427024952, 5.97503822064e-05, 5.96313802816e-05, 4.10475331591e-05, 4.8975689424e-05, 4.28305465903e-05, 3.04830900859e-05, 4.13085726905e-05, 8.25322567835e-05, 6.13157317275e-05, 5.00864116475e-05, 3.40199185302e-05, 9.97781080514e-06, 3.02230137095e-06, 1.24208736452e-06, 7.81072401423e-07, 4.06745321868e-08, 2.61011212643e-10, 2.54405871369e-11]
        median: [2.45561579959e-07, 3.68033433915e-05, 0.000120937009342, 9.74488866632e-05, 0.000452006061096, 0.000253657141002, 8.67688067956e-05, 6.82587124174e-05, 6.48633285891e-05, 3.22479754686e-05, 1.92381794477e-05, 1.79359722097e-05, 1.82321182365e-05, 1.50347559611e-05, 1.36065173137e-05, 1.31920432977e-05, 1.45584954225e-05, 1.8503249521e-05, 1.63684471772e-05, 1.36080298034e-05, 7.7695294749e-06, 1.75314391981e-06, 6.0184567019e-07, 1.51702906237e-07, 6.92964263749e-08, 1.88690130187e-09, 5.63590354941e-11, 6.77423611997e-12]
        min: [2.74607608703e-24, 1.66930004184e-23, 7.55192795103e-24, 5.49041628564e-24, 1.67248341114e-23, 8.77790078591e-23, 1.48970465494e-23, 2.46616820079e-23, 2.159833632e-23, 7.16296304231e-23, 5.09404657627e-23, 6.04919620487e-23, 5.29344568511e-23, 9.94706585374e-23, 1.2904175328e-22, 9.52611074205e-23, 8.61007914802e-23, 1.17449069936e-22, 1.94221454994e-22, 2.57733277562e-22, 3.91218943067e-22, 5.42822989139e-22, 6.64013077301e-22, 6.96691255336e-22, 1.05259742689e-21, 1.61447237877e-21, 1.98800622155e-21, 5.86231038637e-22]
        var: [1.76776876557e-12, 1.30567112677e-08, 2.06410788905e-07, 2.13329570897e-07, 5.72656517761e-07, 5.90367676523e-07, 4.91286186843e-07, 6.13463441823e-07, 4.41614758984e-07, 1.62684955285e-07, 2.74737743666e-08, 2.26590213259e-08, 8.22218559904e-09, 2.19880771368e-08, 9.37483779495e-09, 2.80109557771e-09, 8.62484306197e-09, 5.15056157724e-08, 2.32870736028e-08, 1.93290130568e-08, 1.38060265442e-08, 1.06969788582e-09, 6.09382683203e-11, 1.39026680793e-11, 9.10357986911e-12, 3.70514166223e-14, 6.16413855101e-19, 2.60214178213e-21]
    mfcc:
        mean: [-793.631103516, 151.905578613, -19.2725105286, 37.8598594666, -10.4833621979, -6.85545015335, -3.82080054283, -8.06083297729, -7.69141578674, -5.67723751068, -3.7689230442, -4.68632268906, -7.44479751587]
        cov: [[8381.17871094, 282.922546387, -919.373657227, 1048.55053711, -891.264709473, -32.1489334106, -217.682998657, -12.0764074326, 33.3231887817, 80.7306365967, 26.8463573456, -187.74508667, -97.6317825317], [282.922546387, 1401.17358398, -91.0772018433, -138.444244385, 98.6207580566, -141.041305542, -4.16463804245, -100.613967896, -60.0105895996, -10.5173368454, -25.3908920288, -12.4525604248, 10.3024120331], [-919.373657227, -91.0772018433, 541.232055664, -104.370079041, 213.26361084, 84.8852920532, 22.3555526733, 33.8676223755, 7.02235603333, 31.3364830017, 25.0399227142, 54.8979797363, 19.5488605499], [1048.55053711, -138.444244385, -104.370079041, 410.78729248, -119.011123657, 27.0765666962, -16.1430130005, -7.33340406418, 28.521490097, 6.03972768784, 4.04070711136, -1.47296106815, 6.80882358551], [-891.264709473, 98.6207580566, 213.26361084, -119.011123657, 365.375579834, 38.84765625, 52.8538131714, 42.3731803894, -12.6600952148, 17.8228092194, 9.70360660553, 53.6105537415, 20.0579509735], [-32.1489334106, -141.041305542, 84.8852920532, 27.0765666962, 38.84765625, 160.96144104, 38.6803894043, 27.8980064392, 9.94749164581, 1.65167188644, 23.7245960236, 15.1423892975, -3.50916361809], [-217.682998657, -4.16463804245, 22.3555526733, -16.1430130005, 52.8538131714, 38.6803894043, 132.242767334, 31.7621669769, -6.56065940857, 0.349465101957, 2.36372637749, 18.1802062988, -3.84496307373], [-12.0764074326, -100.613967896, 33.8676223755, -7.33340406418, 42.3731803894, 27.8980064392, 31.7621669769, 121.446434021, 16.520904541, 10.6791067123, 28.3087520599, 5.78621721268, -2.4877409935], [33.3231887817, -60.0105895996, 7.02235603333, 28.521490097, -12.6600952148, 9.94749164581, -6.56065940857, 16.520904541, 90.89503479, 16.3002243042, -16.4671096802, 12.9723949432, 3.02612400055], [80.7306365967, -10.5173368454, 31.3364830017, 6.03972768784, 17.8228092194, 1.65167188644, 0.349465101957, 10.6791067123, 16.3002243042, 86.294303894, 47.0825996399, -1.4031894207, 0.886055231094], [26.8463573456, -25.3908920288, 25.0399227142, 4.04070711136, 9.70360660553, 23.7245960236, 2.36372637749, 28.3087520599, -16.4671096802, 47.0825996399, 118.781890869, 16.0618495941, -4.08800983429], [-187.74508667, -12.4525604248, 54.8979797363, -1.47296106815, 53.6105537415, 15.1423892975, 18.1802062988, 5.78621721268, 12.9723949432, -1.4031894207, 16.0618495941, 84.3769607544, 29.5301074982], [-97.6317825317, 10.3024120331, 19.5488605499, 6.80882358551, 20.0579509735, -3.50916361809, -3.84496307373, -2.4877409935, 3.02612400055, 0.886055231094, -4.08800983429, 29.5301074982, 70.3188095093]]
        icov: [[0.000293866498396, -0.000192103383597, 0.00022996388725, -0.000608423724771, 0.000492847000714, -0.000303856650135, 0.000406214152463, -0.000489325844683, 0.000321860192344, -0.0006053034449, 0.00029985368019, -7.73061910877e-05, 0.000323963729898], [-0.000192103383597, 0.00103146804031, 5.48497409909e-05, 0.000576903752517, -0.000776547181886, 0.000872378179338, -0.000471243547508, 0.0010794311529, -4.72208994324e-05, 0.000476008106489, -0.000370065739844, 0.000272055040114, -0.00035121635301], [0.00022996388725, 5.48497409909e-05, 0.00296049239114, 2.49341155723e-05, -0.000917943893, -0.00138637644704, 0.000881821673829, -0.000332512514433, 0.000324412976624, -0.00136556918733, 0.000468695099698, -0.00095404748572, 0.000146056263475], [-0.000608423724771, 0.000576903752517, 2.49341155723e-05, 0.00420984951779, -0.000274852704024, -0.000171662584762, -0.000650326372124, 0.00118514394853, -0.00118086871225, 0.000806274649221, -0.000592390075326, -0.000231995800277, -0.00116398290265], [0.000492847000714, -0.000776547181886, -0.000917943893, -0.000274852704024, 0.00543039571494, -0.00108287658077, 1.59815863299e-05, -0.00234083132818, 0.00183306098916, -0.00237524881959, 0.00178194791079, -0.00233557634056, 0.000430346524809], [-0.000303856650135, 0.000872378179338, -0.00138637644704, -0.000171662584762, -0.00108287658077, 0.00886357761919, -0.00273272627965, 0.000692417263053, -0.00165458593983, 0.00263827200979, -0.00261755054817, 0.000772931671236, 3.98269839934e-05], [0.000406214152463, -0.000471243547508, 0.000881821673829, -0.000650326372124, 1.59815863299e-05, -0.00273272627965, 0.0100610246882, -0.00316427927464, 0.00241569243371, -0.0021213258151, 0.00235975440592, -0.00276660406962, 0.00196988787502], [-0.000489325844683, 0.0010794311529, -0.000332512514433, 0.00118514394853, -0.00234083132818, 0.000692417263053, -0.00316427927464, 0.0118817426264, -0.00382695463486, 0.00277246395126, -0.00432746158913, 0.00235284073278, -0.00102014676668], [0.000321860192344, -4.72208994324e-05, 0.000324412976624, -0.00118086871225, 0.00183306098916, -0.00165458593983, 0.00241569243371, -0.00382695463486, 0.0155734289438, -0.00683648977429, 0.00654278462753, -0.00502293463796, 0.00177488732152], [-0.0006053034449, 0.000476008106489, -0.00136556918733, 0.000806274649221, -0.00237524881959, 0.00263827200979, -0.0021213258151, 0.00277246395126, -0.00683648977429, 0.0195733271539, -0.00992796756327, 0.00506014749408, -0.00247190124355], [0.00029985368019, -0.000370065739844, 0.000468695099698, -0.000592390075326, 0.00178194791079, -0.00261755054817, 0.00235975440592, -0.00432746158913, 0.00654278462753, -0.00992796756327, 0.0152580551803, -0.00564477220178, 0.00283568538725], [-7.73061910877e-05, 0.000272055040114, -0.00095404748572, -0.000231995800277, -0.00233557634056, 0.000772931671236, -0.00276660406962, 0.00235284073278, -0.00502293463796, 0.00506014749408, -0.00564477220178, 0.0185654051602, -0.00719498889521], [0.000323963729898, -0.00035121635301, 0.000146056263475, -0.00116398290265, 0.000430346524809, 3.98269839934e-05, 0.00196988787502, -0.00102014676668, 0.00177488732152, -0.00247190124355, 0.00283568538725, -0.00719498889521, 0.0178862828761]]
    sccoeffs:
        dmean: [0.051266964525, 0.0442502126098, 0.0331578627229, 0.0266150999814, 0.0185320042074, 0.0171093344688]
        dmean2: [0.0870548933744, 0.0724637284875, 0.0536663681269, 0.0430879369378, 0.0300227012485, 0.0267336331308]
        dvar: [0.00164280470926, 0.00127989926841, 0.000733868218958, 0.000493389728945, 0.00025865106727, 0.000291187199764]
        dvar2: [0.0046557681635, 0.00345581839792, 0.00191468372941, 0.00120222056285, 0.000608051137533, 0.000623014231678]
        max: [-0.25343760848, -0.365956366062, -0.437598437071, -0.532956659794, -0.568068504333, -0.58938139677]
        mean: [-0.642085850239, -0.707070410252, -0.76711332798, -0.777211904526, -0.803505539894, -0.778260290623]
        median: [-0.643696248531, -0.713412940502, -0.781247973442, -0.782925844193, -0.808883428574, -0.782517135143]
        min: [-0.959011554718, -0.957407474518, -0.971811532974, -0.964294672012, -0.959787666798, -0.962643265724]
        var: [0.00598888751119, 0.00721272360533, 0.00521499942988, 0.00333346403204, 0.00181151833385, 0.00188578490634]
    scvalleys:
        dmean: [0.391312271357, 0.313286155462, 0.276892483234, 0.250794738531, 0.254594802856, 0.324026554823]
        dmean2: [0.656116783619, 0.513989090919, 0.443265467882, 0.393808841705, 0.371262341738, 0.420582145452]
        dvar: [0.132659703493, 0.0873715057969, 0.0737440288067, 0.075859233737, 0.129492402077, 0.223713248968]
        dvar2: [0.300774425268, 0.18620057404, 0.143062457442, 0.136284902692, 0.228188708425, 0.379618823528]
        max: [-4.85818767548, -4.72052669525, -5.52163887024, -6.23401403427, -5.95804977417, -7.83230113983]
        mean: [-7.02108621597, -6.84390211105, -7.65718460083, -8.27793979645, -8.62728786469, -11.2958116531]
        median: [-6.72732400894, -6.57329177856, -7.43688631058, -8.03156280518, -8.29039669037, -10.907998085]
        min: [-27.6784076691, -27.5661849976, -27.1986045837, -27.5114345551, -27.3561019897, -27.3383865356]
        var: [2.02843499184, 1.55005002022, 1.38761174679, 1.3810287714, 2.04933977127, 3.2639811039]

rhythm:
    beats_loudness:
        dmean: 0.00192396889906
        dmean2: 0.00340702966787
        dvar: 4.38114739154e-06
        dvar2: 1.27645753309e-05
        max: 0.0240948833525
        mean: 0.00484300497919
        median: 0.00402503181249
        min: 9.16521580852e-11
        var: 1.27756838992e-05
    bpm: 128.019775391
    bpm_confidence: 0
    first_peak_bpm: 129
    first_peak_spread: 0.410058021545
    first_peak_weight: 0.5515370965
    onset_rate: 2.79805588722
    second_peak_bpm: 123
    second_peak_spread: 0.217391312122
    second_peak_weight: 0.0325497277081
    beats_loudness_band_ratio:
        dmean: [0.142799317837, 0.149837180972, 0.141030013561, 0.0500702038407, 0.0385122932494, 0.0456141754985]
        dmean2: [0.244955345988, 0.252330958843, 0.247040987015, 0.0883500128984, 0.0659935250878, 0.0845540612936]
        dvar: [0.014263138175, 0.0155392317101, 0.0180578473955, 0.00362330628559, 0.00221086805686, 0.00605708360672]
        dvar2: [0.035981696099, 0.0461914204061, 0.0548306554556, 0.00954326894134, 0.00597265642136, 0.019269939512]
        max: [0.86600369215, 0.917708456516, 0.857124209404, 0.544747173786, 0.653487503529, 0.861682832241]
        mean: [0.330853879452, 0.308274209499, 0.234122380614, 0.0747615024447, 0.0652687251568, 0.0553940422833]
        median: [0.307869553566, 0.269669860601, 0.195108368993, 0.0487821921706, 0.0514276623726, 0.0408494547009]
        min: [0, 0, 0, 0, 0, 0]
        var: [0.0463440082967, 0.0328424423933, 0.0280844904482, 0.00631184410304, 0.00361473555677, 0.00454637082294]
    beats_position: [0.46439909935, 0.940408170223, 1.4164172411, 1.88081634045, 2.35682535172, 2.83283448219, 3.28562355042, 3.73841261864, 4.20281171799, 4.66721057892, 5.13160991669, 5.59600877762, 6.06040811539, 6.52480697632, 7.00081634521, 7.47682523727, 7.95283412933, 8.42884349823, 8.893242836, 9.35764122009, 9.82204055786, 10.2864398956, 10.7624483109, 11.2384576797, 11.7144670486, 12.1904764175, 12.6548748016, 13.1192741394, 13.5836734772, 14.0480718613, 14.5240812302, 15.0000905991, 15.4760990143, 15.9521083832, 16.4165077209, 16.8809070587, 17.3453063965, 17.8097057343, 18.2857131958, 18.7617225647, 19.2261219025, 19.6905212402, 20.154920578, 20.6309299469, 21.1069393158, 21.5713367462, 22.035736084, 22.5001354218, 22.9645347595, 23.4405441284, 23.9165534973, 24.3809528351, 24.8453502655, 25.3097496033, 25.7857589722, 26.2617683411, 26.7261676788, 27.1905670166, 27.6549663544, 28.1309738159, 28.6069831848, 29.0713825226, 29.5357818604, 30.0001811981, 30.4645805359, 30.9405899048, 31.4049873352, 31.8809967041, 32.3453979492, 32.8097953796, 33.2858047485, 33.7618141174, 34.2262115479, 34.690612793, 35.1550102234, 35.6194114685, 36.0954170227, 36.5714263916, 37.0358276367, 37.5002250671, 37.9646263123, 38.4406356812, 38.91664505, 39.3810424805, 39.8454399109, 40.309841156, 40.7742385864, 41.2502479553, 41.7262573242, 42.1906585693, 42.6550559998, 43.1194534302, 43.5954627991, 44.0598640442, 44.5358734131, 45.0002708435, 45.4646720886, 45.9406776428, 46.4166870117, 46.8810882568, 47.3454856873, 47.8098869324, 48.2742843628, 48.7502937317, 49.2263031006, 49.690700531, 50.1551017761, 50.631111145, 51.1071205139, 51.5715179443, 52.0359191895, 52.5003166199, 52.9647140503, 53.4407234192, 53.9167327881, 54.3811340332, 54.8455314636, 55.3099327087, 55.7859382629, 56.2619476318, 56.726348877, 57.1907463074, 57.6551475525, 58.1195449829, 58.583946228, 59.0599517822, 59.5359611511, 60.0003623962, 60.4647598267, 60.9407691956, 61.4167785645, 61.8811798096, 62.34557724, 62.8099746704, 63.2859840393, 63.7619934082, 64.2263946533, 64.6907958984, 65.1551895142, 65.6312026978, 66.107208252, 66.5716094971, 67.0360107422, 67.5004043579, 67.964805603, 68.4408187866, 68.9168243408, 69.3812255859, 69.8456192017, 70.3216323853, 70.7860336304, 71.2620391846, 71.7264404297, 72.1908340454, 72.6552352905, 73.1196365356, 73.5956420898, 74.0716552734, 74.5360565186, 75.0004501343, 75.4648513794, 75.9292526245, 76.4168701172, 76.8928756714, 77.368888855, 77.8448944092, 78.3209075928, 78.7736968994, 79.2264862061, 79.6908798218, 80.1552810669, 80.619682312, 81.0840835571, 81.5600891113, 81.9664382935, 82.3611755371, 82.7443084717, 83.1274337769, 83.5105667114, 83.8936920166, 84.2768249512, 84.7412261963, 85.205619812, 85.6700210571, 86.1460266113, 86.6220397949, 87.08644104, 87.5508346558, 88.0268478394, 88.5028533936, 88.9904708862, 89.4780960083, 89.965713501, 90.4417190552, 90.9177322388, 91.393737793, 91.8813552856, 92.3457565308, 92.8101577759, 93.274559021, 93.7505645752, 94.2265777588, 94.6909713745, 95.1553726196, 95.6197738647, 96.0841674805, 96.5601806641, 97.0361862183, 97.5005874634, 97.9649887085, 98.4409942627, 98.9170074463, 99.381401062, 99.8458023071, 100.310203552, 100.774604797, 101.250610352, 101.726615906, 102.191017151, 102.655418396, 103.119819641, 103.595825195, 104.071838379, 104.536231995, 105.00063324, 105.465034485, 105.941040039, 106.417053223, 106.881446838, 107.345848083, 107.821853638, 108.286254883, 108.762268066, 109.226661682, 109.691062927, 110.155464172, 110.631469727, 111.10748291, 111.571876526, 112.036277771, 112.500679016, 112.965080261, 113.441085815, 113.917098999, 114.381492615, 114.84589386, 115.310295105, 115.786300659, 116.262313843, 116.726707458, 117.191108704, 117.655509949, 118.131515503, 118.607528687, 119.071922302, 119.536323547, 120.000724792, 120.476730347, 120.95274353, 121.417137146, 121.881538391, 122.345939636, 122.810340881, 123.286346436, 123.762359619, 124.226753235, 124.69115448, 125.155555725, 125.619949341, 126.095962524, 126.571968079, 127.036369324, 127.500770569, 127.976776123, 128.452789307, 128.917190552, 129.381591797, 129.845977783, 130.310379028, 130.774780273, 131.250793457, 131.726806641, 132.191192627, 132.655593872, 133.119995117, 133.596008301, 134.072021484, 134.536407471, 135.000808716, 135.465209961, 135.941223145, 136.417236328, 136.881637573, 137.34602356, 137.810424805, 138.27482605, 138.750839233, 139.226852417, 139.691238403, 140.155639648, 140.620040894, 141.084442139, 141.560455322, 142.036453247, 142.500854492, 142.965255737, 143.441268921, 143.917282104, 144.381668091, 144.846069336, 145.32208252, 145.786483765, 146.262496948, 146.726898193, 147.19128418, 147.655685425, 148.131698608, 148.607711792, 149.072113037, 149.536499023, 150.000900269, 150.465301514, 150.941314697, 151.417327881, 151.893325806, 152.369338989, 152.833740234, 153.298141479, 153.762542725, 154.226928711, 154.702941895, 155.190567017, 155.6665802, 156.130966187, 156.595367432, 157.048156738, 157.512557983, 157.988571167, 158.464584351, 158.940582275, 159.393371582, 159.846160889, 160.310562134, 160.786575317, 161.250976562, 161.715377808, 162.191375732, 162.655776978, 163.1434021, 163.607803345, 164.072189331, 164.536590576, 165.000991821, 165.465393066, 165.94140625, 166.417419434, 166.88180542, 167.346206665, 167.81060791, 168.286621094, 168.762634277, 169.227020264, 169.691421509, 170.155822754, 170.620223999, 171.096237183, 171.572235107, 172.036636353, 172.501037598, 172.965438843, 173.441452026, 173.917449951, 174.381851196, 174.846252441, 175.322265625, 175.798278809, 176.262680054, 176.72706604, 177.191467285, 177.65586853, 178.131881714, 178.607894897, 179.072280884, 179.536682129, 180.012695312, 180.477096558, 180.953109741, 181.417495728, 181.881896973, 182.346298218, 182.83392334, 183.298324585, 183.762710571, 184.227111816, 184.691513062, 185.155914307, 185.620315552, 186.107940674, 186.57232666, 187.036727905, 187.50112915, 187.965530396, 188.441543579, 188.917541504, 189.381942749, 189.846343994, 190.322357178, 190.798370361, 191.262756348, 191.727157593, 192.191558838, 192.655960083, 193.120361328, 193.584762573, 194.060760498, 194.536773682, 195.001174927, 195.465576172, 195.929977417, 196.405975342, 196.881988525, 197.358001709, 197.834014893, 198.298416138, 198.762802124, 199.227203369, 199.703216553, 200.179229736, 200.655227661, 201.131240845, 201.59564209, 202.048431396, 202.501220703, 202.965621948, 203.441635132, 203.917633057, 204.382034302, 204.846435547, 205.32244873, 205.798446655, 206.274459839, 206.738861084, 207.203262329, 207.667663574, 208.143676758, 208.608062744, 209.072463989, 209.536865234, 210.001266479, 210.465667725, 210.93006897, 211.406066895, 211.882080078, 212.358093262, 212.834106445, 213.298492432, 213.762893677, 214.227294922, 214.703308105, 215.179321289, 215.643707275, 216.108108521, 216.572509766, 217.036911011, 217.501312256, 217.965713501, 218.441726685, 218.917724609, 219.382125854, 219.8465271, 220.310928345, 220.77532959, 221.251327515, 221.727340698, 222.191741943, 222.667755127, 223.143753052, 223.608154297, 224.072555542, 224.536956787, 225.001358032, 225.465759277, 225.941757202, 226.417770386, 226.905395508, 227.381408691, 227.869018555, 228.345031738, 228.821044922, 229.285430908, 229.749832153, 230.225845337, 230.643798828, 231.061767578, 231.491333008, 231.955734253, 232.420135498, 232.884536743, 233.360534668, 233.84815979, 234.335784912, 234.811782837, 235.299407959, 235.775421143, 236.251419067, 236.727432251, 237.191833496, 237.656234741, 238.120635986, 238.596633911, 239.072647095, 239.53704834, 240.001449585, 240.46585083, 240.930252075, 241.40625, 241.882263184, 242.346664429, 242.811065674, 243.275466919, 243.739852905, 244.215866089, 244.680267334, 245.156280518, 245.620681763, 246.085067749, 246.549468994, 247.013870239, 247.489883423, 247.965896606, 248.430297852, 248.894683838, 249.359085083, 249.835098267, 250.31111145, 250.775512695, 251.239898682, 251.715911865, 252.191925049, 252.667938232, 253.143936157, 253.619949341, 254.107574463, 254.595184326, 255.082809448, 255.570419312, 256.069641113, 256.568878174, 257.091339111, 257.590576172, 258.089782715, 258.589019775, 259.099853516, 259.610687256]
