
metadata:
    version:
        essentia: "2.0.1"
    audio_properties:
        analysis_sample_rate: 44100
        bitrate: 320
        channels: 2
        equal_loudness: 1
        length: 337.590179443
        replay_gain: -10.3080558777
        downmix: "mix"
    tags:
        track: 3
        year: 1990
        album: "Compositions"
        artist: "Anita Baker"
        comment: ""
        genre: "Adult Contemporary"
        title: "Whatever It Takes"

configuration:
    average_loudness:
        compute: 1
        frameSize: 88200
        hopSize: 44100
        silentFrames: "noise"
        windowType: "hann"
    general:
        analysisSampleRate: 44100
        endTime: 2000
        equalLoudness: 1
        nequalLoudness: 0
        shortSound: 0
        startTime: 0
    lowlevel:
        compute: 1
        frameSize: 2048
        hopSize: 1024
        zeroPadding: 0
        silentFrames: "noise"
        windowType: "blackmanharris62"
        mfccStats: ["mean", "cov", "icov"]
        stats: ["mean", "var", "median", "min", "max", "dmean", "dmean2", "dvar", "dvar2"]
    panning:
        compute: 0
        frameSize: 8192
        hopSize: 2048
        zeroPadding: 8192
        silentFrames: "noise"
        windowType: "hann"
        stats: ["copy"]
    rhythm:
        compute: 1
        maxTempo: 208
        minTempo: 40
        method: "degara"
        stats: ["mean", "var", "median", "min", "max", "dmean", "dmean2", "dvar", "dvar2"]
    segmentation:
        compute: 0
        cpw: 5
        inc1: 300
        inc2: 50
        minimumSegmentsLength: 10
        size1: 1000
        size2: 600
    sfx:
        compute: 1
        stats: ["mean", "var", "median", "min", "max", "dmean", "dmean2", "dvar", "dvar2"]
    svm:
        compute: 0
    tonal:
        compute: 1
        frameSize: 4096
        hopSize: 2048
        zeroPadding: 0
        silentFrames: "noise"
        windowType: "blackmanharris62"
        stats: ["mean", "var", "median", "min", "max", "dmean", "dmean2", "dvar", "dvar2"]

lowlevel:
    average_loudness: 0.0394727066159
    barkbands_kurtosis:
        dmean: 2.43142843246
        dmean2: 3.83094024658
        dvar: 31.2921085358
        dvar2: 70.793006897
        max: 218.522064209
        mean: 3.3480694294
        median: 0.424516320229
        min: -1.92099094391
        var: 98.9264221191
    barkbands_skewness:
        dmean: 0.540820598602
        dmean2: 0.832093000412
        dvar: 0.425600647926
        dvar2: 0.907881677151
        max: 13.2673540115
        mean: 1.11395215988
        median: 1.01567196846
        min: -5.01780462265
        var: 2.4545955658
    barkbands_spread:
        dmean: 5.53684234619
        dmean2: 8.69036865234
        dvar: 45.3744773865
        dvar2: 103.169082642
        max: 72.3023452759
        mean: 23.5806941986
        median: 22.661567688
        min: 0.585298657417
        var: 146.606613159
    dissonance:
        dmean: 0.0213622450829
        dmean2: 0.0354306027293
        dvar: 0.000454563531093
        dvar2: 0.00119081139565
        max: 0.499999940395
        mean: 0.450761497021
        median: 0.459412455559
        min: 0.217505931854
        var: 0.00140204408672
    hfc:
        dmean: 1.37419271469
        dmean2: 2.1150534153
        dvar: 14.6475515366
        dvar2: 35.1180343628
        max: 133.980392456
        mean: 3.70238089561
        median: 0.772823750973
        min: 1.06830812863e-16
        var: 61.8679122925
    pitch:
        dmean: 443.604217529
        dmean2: 847.553222656
        dvar: 1170831.125
        dvar2: 2955506.75
        max: 5307.15136719
        mean: 803.676696777
        median: 305.80279541
        min: 47.9466743469
        var: 1615912.75
    pitch_instantaneous_confidence:
        dmean: 0.0818606093526
        dmean2: 0.130063951015
        dvar: 0.00630213785917
        dvar2: 0.0143220322207
        max: 0.982064723969
        mean: 0.527565777302
        median: 0.484067678452
        min: 0.0916532278061
        var: 0.0421194992959
    pitch_salience:
        dmean: 0.0625590011477
        dmean2: 0.100694477558
        dvar: 0.00363772804849
        dvar2: 0.00915788765997
        max: 0.922219514847
        mean: 0.579842805862
        median: 0.595612049103
        min: 0.0499403625727
        var: 0.0151263615116
    silence_rate_20dB:
        dmean: 0
        dmean2: 0
        dvar: 0
        dvar2: 0
        max: 1
        mean: 1
        median: 1
        min: 1
        var: 0
    silence_rate_30dB:
        dmean: 0
        dmean2: 0
        dvar: 0
        dvar2: 0
        max: 1
        mean: 1
        median: 1
        min: 1
        var: 0
    silence_rate_60dB:
        dmean: 0.0482839271426
        dmean2: 0.0965744927526
        dvar: 0.0459458194673
        dvar2: 0.0987903401256
        max: 1
        mean: 0.803232491016
        median: 1
        min: 0
        var: 0.158069446683
    spectral_centroid:
        dmean: 263.964599609
        dmean2: 407.740875244
        dvar: 158983.15625
        dvar2: 330210.65625
        max: 11660.3251953
        mean: 1331.74682617
        median: 1025.2253418
        min: 158.307846069
        var: 1556928.375
    spectral_complexity:
        dmean: 1.45814704895
        dmean2: 2.42894482613
        dvar: 8.36849308014
        dvar2: 21.5232753754
        max: 39
        mean: 5.07778549194
        median: 3
        min: 0
        var: 26.2005844116
    spectral_crest:
        dmean: 2.36138558388
        dmean2: 3.81990385056
        dvar: 4.77400255203
        dvar2: 11.9309988022
        max: 26.173122406
        mean: 10.0518426895
        median: 9.02524185181
        min: 2.56475019455
        var: 20.6206150055
    spectral_decrease:
        dmean: 1.36834349407e-10
        dmean2: 2.09350717317e-10
        dvar: 6.76125348109e-20
        dvar2: 1.48554413109e-19
        max: 2.38799592701e-28
        mean: -4.93024510106e-10
        median: -2.248853187e-10
        min: -7.92806087446e-09
        var: 5.10050525843e-19
    spectral_energy:
        dmean: 0.000630539667327
        dmean2: 0.000964170845691
        dvar: 1.65983067291e-06
        dvar2: 3.73597026737e-06
        max: 0.0420746877789
        mean: 0.00219660066068
        median: 0.000924179446883
        min: 1.00241341311e-20
        var: 1.12827729026e-05
    spectral_energyband_high:
        dmean: 9.49449386098e-05
        dmean2: 0.00015964974591
        dvar: 1.22844042494e-07
        dvar2: 3.31819450139e-07
        max: 0.00605904264376
        mean: 0.000116831652122
        median: 2.07300690818e-05
        min: 7.01861053385e-21
        var: 1.17153831525e-07
    spectral_energyband_low:
        dmean: 5.25085633853e-05
        dmean2: 8.88256545295e-05
        dvar: 4.04738180748e-08
        dvar2: 1.13558805026e-07
        max: 0.00379204610363
        mean: 9.64875362115e-05
        median: 4.82753894175e-05
        min: 1.41729842567e-23
        var: 3.4675181837e-08
    spectral_energyband_middle_high:
        dmean: 0.000370499124983
        dmean2: 0.000539688859135
        dvar: 9.93967205432e-07
        dvar2: 1.98525754058e-06
        max: 0.0392088517547
        mean: 0.00119726127014
        median: 0.000154613284394
        min: 1.11890809009e-21
        var: 8.24360813567e-06
    spectral_energyband_middle_low:
        dmean: 0.000260677654296
        dmean2: 0.000410637119785
        dvar: 1.88471602769e-07
        dvar2: 4.30567723697e-07
        max: 0.0128301382065
        mean: 0.00081873201998
        median: 0.000548025709577
        min: 1.48105176589e-22
        var: 9.86948975878e-07
    spectral_flatness_db:
        dmean: 0.0212876740843
        dmean2: 0.0311868768185
        dvar: 0.000449095823569
        dvar2: 0.000890961789992
        max: 0.418391913176
        mean: 0.182846218348
        median: 0.177259102464
        min: 0.0537013411522
        var: 0.00283424486406
    spectral_flux:
        dmean: 0.00711530074477
        dmean2: 0.0113182505593
        dvar: 0.000130565997097
        dvar2: 0.000300602143398
        max: 0.188008472323
        mean: 0.0214917752892
        median: 0.0140409450978
        min: 6.36451932823e-11
        var: 0.000485808210215
    spectral_kurtosis:
        dmean: 1.48163676262
        dmean2: 2.3566236496
        dvar: 3.93841171265
        dvar2: 9.66866397858
        max: 42.7569656372
        mean: 4.53393316269
        median: 3.92458415031
        min: -1.26544308662
        var: 10.9649400711
    spectral_rms:
        dmean: 0.00018447462935
        dmean2: 0.000280409411062
        dvar: 7.99056465439e-08
        dvar2: 1.83490755035e-07
        max: 0.00640690838918
        mean: 0.00116716639604
        median: 0.000949546461925
        min: 3.12724195498e-12
        var: 7.80747484441e-07
    spectral_rolloff:
        dmean: 559.620727539
        dmean2: 943.11328125
        dvar: 716138.375
        dvar2: 1566768.625
        max: 19810.546875
        mean: 2438.39819336
        median: 2476.31835938
        min: 129.19921875
        var: 4831828
    spectral_skewness:
        dmean: 0.227561727166
        dmean2: 0.35393345356
        dvar: 0.0777223408222
        dvar2: 0.179582849145
        max: 5.23158740997
        mean: 1.63156616688
        median: 1.6162211895
        min: -0.219773486257
        var: 0.307176411152
    spectral_spread:
        dmean: 871542.4375
        dmean2: 1197573.25
        dvar: 1.22725964186e+12
        dvar2: 2.37424266445e+12
        max: 42631860
        mean: 5754350
        median: 4974784
        min: 1613623.5
        var: 1.5611392426e+13
    spectral_strongpeak:
        dmean: 0.288150340319
        dmean2: 0.47804543376
        dvar: 0.58031386137
        dvar2: 1.4398881197
        max: 21.4462966919
        mean: 0.58662378788
        median: 0.19100022316
        min: 0
        var: 1.68292677402
    zerocrossingrate:
        dmean: 0.00989371538162
        dmean2: 0.0115014109761
        dvar: 0.000131292283186
        dvar2: 0.000150952517288
        max: 0.5380859375
        mean: 0.077540807426
        median: 0.068359375
        min: 0.00634765625
        var: 0.00310955499299
    barkbands:
        dmean: [6.30225045484e-08, 1.78228456207e-05, 2.72926117759e-05, 2.77880553767e-05, 9.45461360971e-05, 9.0356268629e-05, 7.86162199802e-05, 5.20896210219e-05, 4.09557978855e-05, 4.60970113636e-05, 4.06405342801e-05, 4.80339913338e-05, 2.89284216706e-05, 5.08988814545e-05, 6.57155324006e-05, 4.17415467382e-05, 3.31800620188e-05, 8.87035785126e-05, 0.000143624594784, 9.81645571301e-05, 3.40072947438e-05, 2.21054724534e-05, 2.95047607324e-06, 1.72396960352e-06, 1.19366461604e-06, 5.41376152796e-08, 7.01484204058e-10]
        dmean2: [9.50524636778e-08, 2.92034201266e-05, 4.80476410303e-05, 4.83245166834e-05, 0.000150816762471, 0.000145173427882, 0.00011770123092, 7.59338436183e-05, 5.71184282308e-05, 6.36374388705e-05, 5.98297883698e-05, 7.06596110831e-05, 4.2601430323e-05, 7.5339950854e-05, 0.000100019307865, 6.15359531366e-05, 5.18684901181e-05, 0.000138756542583, 0.000225785785005, 0.000161418705829, 5.70504562347e-05, 3.87679501728e-05, 4.58149679616e-06, 2.55596228271e-06, 1.75951777237e-06, 8.01165001008e-08, 1.12626541426e-09]
        dvar: [4.67485852275e-14, 4.36714886476e-09, 1.24943211333e-08, 7.20824466782e-09, 2.48096405642e-08, 3.2862253363e-08, 6.826276433e-08, 4.75090793373e-08, 2.50965541682e-08, 7.04894915771e-08, 4.74160053443e-08, 4.97910086494e-08, 3.6715576357e-08, 9.1626809251e-08, 1.11062533392e-07, 5.32785229268e-08, 1.33520323686e-08, 1.28736246552e-07, 3.07896158347e-07, 9.90471420437e-08, 1.3334153337e-08, 1.50321319836e-08, 1.04394951017e-10, 7.24898543969e-11, 6.79127448722e-11, 5.59507986003e-14, 3.57801564812e-18]
        dvar2: [1.02808474895e-13, 1.15667555534e-08, 3.6806390824e-08, 2.07860999524e-08, 6.27945766496e-08, 8.38612379539e-08, 1.44712316796e-07, 9.76972245326e-08, 4.62286848801e-08, 1.19527257425e-07, 9.18883316103e-08, 9.82186634246e-08, 7.52515845193e-08, 1.82998050491e-07, 2.35629926237e-07, 9.81956844726e-08, 3.20573718682e-08, 2.89081867777e-07, 6.50209074138e-07, 2.46472666277e-07, 3.53172247003e-08, 4.28138520192e-08, 2.43661063548e-10, 1.46323966832e-10, 1.20421367322e-10, 1.02306218239e-13, 9.0230408045e-18]
        max: [4.85531700178e-06, 0.00103272614069, 0.00210821046494, 0.0019695519004, 0.00428590830415, 0.00435332255438, 0.0103802792728, 0.00640192674473, 0.00612563313916, 0.0170028097928, 0.00925574544817, 0.00941823609173, 0.00911208242178, 0.014930056408, 0.0123987197876, 0.0122353183106, 0.00523217162117, 0.0148392049596, 0.0337924063206, 0.00978753622621, 0.00173036719207, 0.00334207271226, 0.000448297476396, 0.000618505699094, 0.000648226647172, 1.93466803466e-05, 8.03802890914e-08]
        mean: [1.09942085658e-07, 3.20768413076e-05, 4.39737559645e-05, 4.12716071878e-05, 0.000202210852876, 0.000198922934942, 0.000172013242263, 0.000100983779703, 8.54123427416e-05, 9.47819280555e-05, 8.93670076039e-05, 0.000112036876089, 4.30997861258e-05, 8.09689154266e-05, 0.000116632028949, 7.08277875674e-05, 5.5696695199e-05, 0.00016789676738, 0.000277261860901, 0.000140174364788, 4.0804996388e-05, 2.11167334783e-05, 4.23273831984e-06, 2.71533690466e-06, 1.94087760974e-06, 7.1776625532e-08, 6.64447996623e-10]
        median: [3.01380742584e-09, 1.4997429389e-05, 1.2050623809e-05, 1.48467461258e-05, 0.000113058442366, 8.36081744637e-05, 3.25534128933e-05, 1.56719506776e-05, 1.48522649397e-05, 4.6147406465e-06, 6.81076517139e-06, 5.77699302085e-06, 2.28073122344e-06, 3.06919218929e-06, 8.49710704642e-06, 5.68618088437e-06, 8.57075156091e-06, 1.62040651048e-05, 2.26025131269e-05, 2.1192487111e-05, 6.91430432198e-06, 2.3832487841e-06, 6.56966278711e-07, 3.3858691495e-07, 1.78979973953e-07, 9.01571617362e-09, 7.99632235426e-11]
        min: [1.63642625056e-25, 2.17016266115e-24, 1.09270705173e-24, 1.11771798534e-24, 5.65086309959e-24, 7.43945452974e-24, 4.31684921619e-24, 8.16058857081e-24, 1.09464208809e-23, 1.50660158222e-23, 1.95997004187e-23, 2.33956896282e-23, 2.10285468213e-23, 3.49926833088e-23, 4.0455122248e-23, 6.16820312994e-23, 6.69479870752e-23, 9.43312549834e-23, 1.16657621567e-22, 1.49895587921e-22, 2.5923032099e-22, 3.32599282424e-22, 4.12681235591e-22, 5.98619158831e-22, 7.82182017522e-22, 1.33308920273e-21, 1.85421137305e-21]
        var: [7.11495817232e-14, 4.01367783454e-09, 9.18946430062e-09, 6.86400891681e-09, 8.01340434009e-08, 1.04810062851e-07, 2.80965451793e-07, 1.28421376644e-07, 9.07430930397e-08, 2.66801635007e-07, 2.23972719482e-07, 2.57734143361e-07, 6.91776094186e-08, 2.14104147744e-07, 3.05747448692e-07, 1.40126175552e-07, 2.53121505978e-08, 4.38068752828e-07, 1.1438794445e-06, 1.72749238914e-07, 1.39659022125e-08, 1.02721520179e-08, 1.94694954603e-10, 1.88740092999e-10, 2.05063646619e-10, 1.22415654545e-13, 3.57610651527e-18]
    frequency_bands:
        dmean: [6.30225045484e-08, 1.78228456207e-05, 2.72926117759e-05, 2.77880553767e-05, 9.45461360971e-05, 9.0356268629e-05, 7.86162199802e-05, 5.20896210219e-05, 4.09557978855e-05, 4.60970113636e-05, 4.06405342801e-05, 4.80339913338e-05, 2.89284216706e-05, 5.08988814545e-05, 6.57155324006e-05, 4.17415467382e-05, 3.31800620188e-05, 8.87035785126e-05, 0.000143624594784, 9.81645571301e-05, 3.40072947438e-05, 2.21054724534e-05, 2.95047607324e-06, 1.72396960352e-06, 1.19366461604e-06, 5.41376152796e-08, 7.01484204058e-10, 2.67703446216e-11]
        dmean2: [9.50524636778e-08, 2.92034201266e-05, 4.80476410303e-05, 4.83245166834e-05, 0.000150816762471, 0.000145173427882, 0.00011770123092, 7.59338436183e-05, 5.71184282308e-05, 6.36374388705e-05, 5.98297883698e-05, 7.06596110831e-05, 4.2601430323e-05, 7.5339950854e-05, 0.000100019307865, 6.15359531366e-05, 5.18684901181e-05, 0.000138756542583, 0.000225785785005, 0.000161418705829, 5.70504562347e-05, 3.87679501728e-05, 4.58149679616e-06, 2.55596228271e-06, 1.75951777237e-06, 8.01165001008e-08, 1.12626541426e-09, 4.97940855215e-11]
        dvar: [4.67485852275e-14, 4.36714886476e-09, 1.24943211333e-08, 7.20824466782e-09, 2.48096405642e-08, 3.2862253363e-08, 6.826276433e-08, 4.75090793373e-08, 2.50965541682e-08, 7.04894915771e-08, 4.74160053443e-08, 4.97910086494e-08, 3.6715576357e-08, 9.1626809251e-08, 1.11062533392e-07, 5.32785229268e-08, 1.33520323686e-08, 1.28736246552e-07, 3.07896158347e-07, 9.90471420437e-08, 1.3334153337e-08, 1.50321319836e-08, 1.04394951017e-10, 7.24898543969e-11, 6.79127448722e-11, 5.59507986003e-14, 3.57801564812e-18, 4.43743947661e-21]
        dvar2: [1.02808474895e-13, 1.15667555534e-08, 3.6806390824e-08, 2.07860999524e-08, 6.27945766496e-08, 8.38612379539e-08, 1.44712316796e-07, 9.76972245326e-08, 4.62286848801e-08, 1.19527257425e-07, 9.18883316103e-08, 9.82186634246e-08, 7.52515845193e-08, 1.82998050491e-07, 2.35629926237e-07, 9.81956844726e-08, 3.20573718682e-08, 2.89081867777e-07, 6.50209074138e-07, 2.46472666277e-07, 3.53172247003e-08, 4.28138520192e-08, 2.43661063548e-10, 1.46323966832e-10, 1.20421367322e-10, 1.02306218239e-13, 9.0230408045e-18, 1.46008897252e-20]
        max: [4.85531700178e-06, 0.00103272614069, 0.00210821046494, 0.0019695519004, 0.00428590830415, 0.00435332255438, 0.0103802792728, 0.00640192674473, 0.00612563313916, 0.0170028097928, 0.00925574544817, 0.00941823609173, 0.00911208242178, 0.014930056408, 0.0123987197876, 0.0122353183106, 0.00523217162117, 0.0148392049596, 0.0337924063206, 0.00978753622621, 0.00173036719207, 0.00334207271226, 0.000448297476396, 0.000618505699094, 0.000648226647172, 1.93466803466e-05, 8.03802890914e-08, 1.09718512054e-09]
        mean: [1.09942085658e-07, 3.20768413076e-05, 4.39737559645e-05, 4.12716071878e-05, 0.000202210852876, 0.000198922934942, 0.000172013242263, 0.000100983779703, 8.54123427416e-05, 9.47819280555e-05, 8.93670076039e-05, 0.000112036876089, 4.30997861258e-05, 8.09689154266e-05, 0.000116632028949, 7.08277875674e-05, 5.5696695199e-05, 0.00016789676738, 0.000277261860901, 0.000140174364788, 4.0804996388e-05, 2.11167334783e-05, 4.23273831984e-06, 2.71533690466e-06, 1.94087760974e-06, 7.1776625532e-08, 6.64447996623e-10, 2.05019334842e-11]
        median: [3.01380742584e-09, 1.4997429389e-05, 1.2050623809e-05, 1.48467461258e-05, 0.000113058442366, 8.36081744637e-05, 3.25534128933e-05, 1.56719506776e-05, 1.48522649397e-05, 4.6147406465e-06, 6.81076517139e-06, 5.77699302085e-06, 2.28073122344e-06, 3.06919218929e-06, 8.49710704642e-06, 5.68618088437e-06, 8.57075156091e-06, 1.62040651048e-05, 2.26025131269e-05, 2.1192487111e-05, 6.91430432198e-06, 2.3832487841e-06, 6.56966278711e-07, 3.3858691495e-07, 1.78979973953e-07, 9.01571617362e-09, 7.99632235426e-11, 3.34760474549e-12]
        min: [1.63642625056e-25, 2.17016266115e-24, 1.09270705173e-24, 1.11771798534e-24, 5.65086309959e-24, 7.43945452974e-24, 4.31684921619e-24, 8.16058857081e-24, 1.09464208809e-23, 1.50660158222e-23, 1.95997004187e-23, 2.33956896282e-23, 2.10285468213e-23, 3.49926833088e-23, 4.0455122248e-23, 6.16820312994e-23, 6.69479870752e-23, 9.43312549834e-23, 1.16657621567e-22, 1.49895587921e-22, 2.5923032099e-22, 3.32599282424e-22, 4.12681235591e-22, 5.98619158831e-22, 7.82182017522e-22, 1.33308920273e-21, 1.85421137305e-21, 5.01076924419e-22]
        var: [7.11495817232e-14, 4.01367783454e-09, 9.18946430062e-09, 6.86400891681e-09, 8.01340434009e-08, 1.04810062851e-07, 2.80965451793e-07, 1.28421376644e-07, 9.07430930397e-08, 2.66801635007e-07, 2.23972719482e-07, 2.57734143361e-07, 6.91776094186e-08, 2.14104147744e-07, 3.05747448692e-07, 1.40126175552e-07, 2.53121505978e-08, 4.38068752828e-07, 1.1438794445e-06, 1.72749238914e-07, 1.39659022125e-08, 1.02721520179e-08, 1.94694954603e-10, 1.88740092999e-10, 2.05063646619e-10, 1.22415654545e-13, 3.57610651527e-18, 3.27515721387e-21]
    mfcc:
        mean: [-828.301757812, 102.419685364, -24.2449874878, 43.3617248535, -15.7764625549, -18.5716323853, -5.39659452438, -13.026304245, -11.0784521103, -7.3287062645, -8.48815631866, -10.0343360901, -3.96260046959]
        cov: [[12746.7050781, 1427.15942383, -1850.3729248, 948.261962891, -335.617584229, -23.8061275482, 207.323791504, 23.2005081177, -238.309967041, 242.697616577, 223.467575073, -53.2309989929, 162.593063354], [1427.15942383, 1764.76416016, -34.6520004272, 259.203155518, 118.41153717, -36.0549583435, 156.494262695, 52.9514579773, 24.9381847382, 48.0412902832, 59.3210945129, 43.3141555786, 15.7195711136], [-1850.3729248, -34.6520004272, 979.469909668, 58.4348640442, 153.182373047, 169.229827881, 103.226669312, 94.7553482056, 121.31968689, 44.2379875183, 8.75784873962, 91.1434707642, 2.93698263168], [948.261962891, 259.203155518, 58.4348640442, 492.766387939, 67.8870315552, 90.5752868652, -3.52782464027, -19.4422836304, 63.3536605835, -8.7360906601, 6.64613485336, 9.29999351501, 31.8991355896], [-335.617584229, 118.41153717, 153.182373047, 67.8870315552, 297.832244873, 94.0945358276, 91.0800933838, 67.6848449707, 70.2473144531, 71.5333099365, 34.9269828796, 52.5212936401, 43.6328392029], [-23.8061275482, -36.0549583435, 169.229827881, 90.5752868652, 94.0945358276, 293.432342529, 170.088623047, 104.508201599, 73.5662384033, 38.8103942871, 88.5958099365, 66.4754638672, 34.1239967346], [207.323791504, 156.494262695, 103.226669312, -3.52782464027, 91.0800933838, 170.088623047, 318.260894775, 155.208374023, 22.7631645203, 77.7981033325, 90.9530715942, 54.4433174133, 43.7312698364], [23.2005081177, 52.9514579773, 94.7553482056, -19.4422836304, 67.6848449707, 104.508201599, 155.208374023, 199.667907715, 65.5548095703, 72.0820999146, 53.3152656555, 49.8305931091, 37.6602363586], [-238.309967041, 24.9381847382, 121.31968689, 63.3536605835, 70.2473144531, 73.5662384033, 22.7631645203, 65.5548095703, 189.676773071, 50.7053489685, 31.5048484802, 51.5241241455, 23.9266548157], [242.697616577, 48.0412902832, 44.2379875183, -8.7360906601, 71.5333099365, 38.8103942871, 77.7981033325, 72.0820999146, 50.7053489685, 171.8072052, 79.8288803101, 49.2134437561, 37.661113739], [223.467575073, 59.3210945129, 8.75784873962, 6.64613485336, 34.9269828796, 88.5958099365, 90.9530715942, 53.3152656555, 31.5048484802, 79.8288803101, 172.147033691, 72.377456665, 32.4686355591], [-53.2309989929, 43.3141555786, 91.1434707642, 9.29999351501, 52.5212936401, 66.4754638672, 54.4433174133, 49.8305931091, 51.5241241455, 49.2134437561, 72.377456665, 122.813529968, 59.3720741272], [162.593063354, 15.7195711136, 2.93698263168, 31.8991355896, 43.6328392029, 34.1239967346, 43.7312698364, 37.6602363586, 23.9266548157, 37.661113739, 32.4686355591, 59.3720741272, 118.090583801]]
        icov: [[0.000203811883694, -8.71547890711e-05, 0.000386256404454, -0.000470309227239, 0.000315923534799, -6.2116094341e-05, -0.000114975839097, -0.000121710319945, 0.00028308131732, -0.000470954808407, 2.99968396575e-05, -5.28742784809e-05, -5.7793356973e-05], [-8.71547890711e-05, 0.000789023644757, -9.52009868342e-05, -0.000334101903718, -0.000362692953786, 0.000831949175335, -0.000656511751004, 1.64903467521e-05, -0.000158187249326, 0.000316558056511, -0.000190230377484, -0.000378995842766, 0.000412996741943], [0.000386256404454, -9.52009868342e-05, 0.0020718362648, -0.000947120832279, 0.000212133832974, -0.000584149442147, -0.000376086740289, -0.000308841874357, 0.000166142635862, -0.000989341293462, 0.000837357947603, -0.00124911428429, 0.000692990957759], [-0.000470309227239, -0.000334101903718, -0.000947120832279, 0.00390757154673, -0.000960948702414, -0.0013856459409, 0.00100739859045, 0.00114132999443, -0.00139025668614, 0.00127808202524, 2.88232495222e-05, 0.00111835519783, -0.00101765198633], [0.000315923534799, -0.000362692953786, 0.000212133832974, -0.000960948702414, 0.00507614389062, -0.000826360774226, -0.000588981842156, -0.000110683002276, -0.000184077638551, -0.00208611786366, 0.000807153061032, -0.000395607843529, -0.000836196937598], [-6.2116094341e-05, 0.000831949175335, -0.000584149442147, -0.0013856459409, -0.000826360774226, 0.00763431750238, -0.00333462632261, -0.000745289726183, -0.00130502588581, 0.00194990285672, -0.00225954223424, -0.00102870934643, 0.000716456968803], [-0.000114975839097, -0.000656511751004, -0.000376086740289, 0.00100739859045, -0.000588981842156, -0.00333462632261, 0.00775291677564, -0.00384401180781, 0.00191299361177, -0.000574717123527, -0.00107428617775, 0.0010747325141, -0.000930307433009], [-0.000121710319945, 1.64903467521e-05, -0.000308841874357, 0.00114132999443, -0.000110683002276, -0.000745289726183, -0.00384401180781, 0.0100252162665, -0.00261826138012, -0.00129052612465, 0.00081349350512, -0.000318204431096, -0.000774226442445], [0.00028308131732, -0.000158187249326, 0.000166142635862, -0.00139025668614, -0.000184077638551, -0.00130502588581, 0.00191299361177, -0.00261826138012, 0.00819363817573, -0.00201244652271, 0.000398215226596, -0.00190018804278, 0.000401929137297], [-0.000470954808407, 0.000316558056511, -0.000989341293462, 0.00127808202524, -0.00208611786366, 0.00194990285672, -0.000574717123527, -0.00129052612465, -0.00201244652271, 0.0104158995673, -0.00377881526947, 0.000264852540568, -0.00089085806394], [2.99968396575e-05, -0.000190230377484, 0.000837357947603, 2.88232495222e-05, 0.000807153061032, -0.00225954223424, -0.00107428617775, 0.00081349350512, 0.000398215226596, -0.00377881526947, 0.0106813367456, -0.00503050256521, 0.00116532132961], [-5.28742784809e-05, -0.000378995842766, -0.00124911428429, 0.00111835519783, -0.000395607843529, -0.00102870934643, 0.0010747325141, -0.000318204431096, -0.00190018804278, 0.000264852540568, -0.00503050256521, 0.0162710677832, -0.00649776542559], [-5.7793356973e-05, 0.000412996741943, 0.000692990957759, -0.00101765198633, -0.000836196937598, 0.000716456968803, -0.000930307433009, -0.000774226442445, 0.000401929137297, -0.00089085806394, 0.00116532132961, -0.00649776542559, 0.0125928176567]]
    sccoeffs:
        dmean: [0.0422504022717, 0.0401044636965, 0.0342782773077, 0.0281440876424, 0.0208459850401, 0.0202426984906]
        dmean2: [0.0688828453422, 0.0654140710831, 0.0533355288208, 0.0448698028922, 0.0327416062355, 0.0321620032191]
        dvar: [0.00137768068817, 0.00116277555935, 0.000950019690208, 0.000631099392194, 0.000374926166842, 0.000614585878793]
        dvar2: [0.00340837077238, 0.0029753614217, 0.00215588929132, 0.001481095911, 0.00082022981951, 0.0014748617541]
        max: [-0.273407697678, -0.393589287996, -0.390162229538, -0.396348893642, -0.472001582384, -0.565839707851]
        mean: [-0.651532769203, -0.714222609997, -0.748106002808, -0.772287845612, -0.789923131466, -0.789800286293]
        median: [-0.676114797592, -0.717704415321, -0.756985604763, -0.78197145462, -0.800889253616, -0.792558908463]
        min: [-0.981659471989, -0.97917753458, -0.979141116142, -0.971537530422, -0.968570947647, -0.964055120945]
        var: [0.0130968755111, 0.00779229681939, 0.00741554331034, 0.00665179593489, 0.00461710756645, 0.00249364390038]
    scvalleys:
        dmean: [0.395689666271, 0.3247179389, 0.33759239316, 0.30514523387, 0.29827067256, 0.406509697437]
        dmean2: [0.624293327332, 0.524874150753, 0.537426054478, 0.492222845554, 0.446902424097, 0.507443845272]
        dvar: [0.198403403163, 0.100766703486, 0.142263397574, 0.14382122457, 0.187265634537, 0.259142279625]
        dvar2: [0.399153411388, 0.235232234001, 0.319346696138, 0.314374804497, 0.386005938053, 0.465456336737]
        max: [-5.51167917252, -5.24218845367, -5.82733297348, -6.13384389877, -5.47443914413, -6.76609373093]
        mean: [-8.49878501892, -7.80978107452, -8.88959789276, -9.12048244476, -8.80338478088, -11.0082674026]
        median: [-7.61349201202, -7.33524751663, -8.48105049133, -8.75247955322, -8.41151618958, -10.5504522324]
        min: [-28.253944397, -28.1665344238, -28.0284137726, -27.7059230804, -27.5884838104, -27.3796081543]
        var: [7.03542566299, 5.70896053314, 5.34863328934, 5.22377061844, 5.3418674469, 4.82842206955]

rhythm:
    beats_loudness:
        dmean: 0.00191685941536
        dmean2: 0.00341998320073
        dvar: 7.00916689311e-06
        dvar2: 1.84137425094e-05
        max: 0.0250967722386
        mean: 0.00254058139399
        median: 0.00142140849493
        min: 0
        var: 1.13195219456e-05
    bpm: 132.03565979
    bpm_confidence: 0
    first_peak_bpm: 133
    first_peak_spread: 0.251028776169
    first_peak_weight: 0.737837851048
    onset_rate: 3.36502671242
    second_peak_bpm: 126
    second_peak_spread: 0.0909091234207
    second_peak_weight: 0.0135135138407
    beats_loudness_band_ratio:
        dmean: [0.154852598906, 0.201314628124, 0.11753538996, 0.100901260972, 0.110828615725, 0.208471447229]
        dmean2: [0.260457634926, 0.363531261683, 0.202977329493, 0.183057978749, 0.194489344954, 0.369450211525]
        dvar: [0.0302139539272, 0.0275623518974, 0.0137433446944, 0.0204523894936, 0.0100547773764, 0.0266158804297]
        dvar2: [0.0684108883142, 0.0901842266321, 0.0379799194634, 0.0602659098804, 0.0261299610138, 0.067463003099]
        max: [0.830519497395, 0.907454609871, 0.918540298939, 0.864619612694, 0.845265269279, 0.927870213985]
        mean: [0.146235227585, 0.266107439995, 0.154277101159, 0.096793204546, 0.142330422997, 0.224454402924]
        median: [0.0729445964098, 0.217033371329, 0.116655156016, 0.0412692651153, 0.11278988421, 0.160867631435]
        min: [0, 0, 0, 0, 0, 0]
        var: [0.0320752039552, 0.0441141314805, 0.0189351439476, 0.0196101311594, 0.015003840439, 0.0340975448489]
