
metadata:
    version:
        essentia: "2.0.1"
    audio_properties:
        analysis_sample_rate: 44100
        bitrate: 320
        channels: 2
        equal_loudness: 1
        length: 157.266921997
        replay_gain: -13.1060619354
        downmix: "mix"
    tags:
        track: 12
        year: 2014
        album: "The Anthology 1964 - 1971"
        artist: "The Kinks"
        comment: ""
        genre: "Classic Rock"
        title: "Picture Book (Mono)"

configuration:
    average_loudness:
        compute: 1
        frameSize: 88200
        hopSize: 44100
        silentFrames: "noise"
        windowType: "hann"
    general:
        analysisSampleRate: 44100
        endTime: 2000
        equalLoudness: 1
        nequalLoudness: 0
        shortSound: 0
        startTime: 0
    lowlevel:
        compute: 1
        frameSize: 2048
        hopSize: 1024
        zeroPadding: 0
        silentFrames: "noise"
        windowType: "blackmanharris62"
        mfccStats: ["mean", "cov", "icov"]
        stats: ["mean", "var", "median", "min", "max", "dmean", "dmean2", "dvar", "dvar2"]
    panning:
        compute: 0
        frameSize: 8192
        hopSize: 2048
        zeroPadding: 8192
        silentFrames: "noise"
        windowType: "hann"
        stats: ["copy"]
    rhythm:
        compute: 1
        maxTempo: 208
        minTempo: 40
        method: "degara"
        stats: ["mean", "var", "median", "min", "max", "dmean", "dmean2", "dvar", "dvar2"]
    segmentation:
        compute: 0
        cpw: 5
        inc1: 300
        inc2: 50
        minimumSegmentsLength: 10
        size1: 1000
        size2: 600
    sfx:
        compute: 1
        stats: ["mean", "var", "median", "min", "max", "dmean", "dmean2", "dvar", "dvar2"]
    svm:
        compute: 0
    tonal:
        compute: 1
        frameSize: 4096
        hopSize: 2048
        zeroPadding: 0
        silentFrames: "noise"
        windowType: "blackmanharris62"
        stats: ["mean", "var", "median", "min", "max", "dmean", "dmean2", "dvar", "dvar2"]

lowlevel:
    average_loudness: 0.878154754639
    barkbands_kurtosis:
        dmean: 1.0504963398
        dmean2: 1.74087417126
        dvar: 2.8678920269
        dvar2: 7.26517629623
        max: 36.2039680481
        mean: -0.0951440036297
        median: -0.909360408783
        min: -1.89019775391
        var: 5.85057640076
    barkbands_skewness:
        dmean: 0.489708572626
        dmean2: 0.769115149975
        dvar: 0.242321372032
        dvar2: 0.59415012598
        max: 4.85490274429
        mean: 0.40643709898
        median: 0.422674536705
        min: -4.58430767059
        var: 0.9584851861
    barkbands_spread:
        dmean: 6.21639633179
        dmean2: 9.58625030518
        dvar: 36.9068832397
        dvar2: 89.7717514038
        max: 79.2441177368
        mean: 33.8329582214
        median: 34.7920227051
        min: 2.32424640656
        var: 141.084945679
    dissonance:
        dmean: 0.0162907335907
        dmean2: 0.027294671163
        dvar: 0.000301969674183
        dvar2: 0.000819096167106
        max: 0.500000119209
        mean: 0.469577968121
        median: 0.476226568222
        min: 0.299786061049
        var: 0.000646434782539
    hfc:
        dmean: 2.54561090469
        dmean2: 3.29976391792
        dvar: 15.8499183655
        dvar2: 32.3631095886
        max: 69.2450790405
        mean: 6.2048459053
        median: 3.9205288887
        min: 1.04813650221e-16
        var: 46.9986381531
    pitch:
        dmean: 753.405090332
        dmean2: 1457.57385254
        dvar: 1914110.875
        dvar2: 4589621.5
        max: 5482.38037109
        mean: 1258.86572266
        median: 286.922637939
        min: 64.9246368408
        var: 2671304.5
    pitch_instantaneous_confidence:
        dmean: 0.089601777494
        dmean2: 0.141845732927
        dvar: 0.00658560730517
        dvar2: 0.0159099865705
        max: 0.917496263981
        mean: 0.41336914897
        median: 0.388161301613
        min: 0.0926348567009
        var: 0.022963097319
    pitch_salience:
        dmean: 0.0598513633013
        dmean2: 0.0961589962244
        dvar: 0.00273151183501
        dvar2: 0.00712748710066
        max: 0.927445888519
        mean: 0.642805039883
        median: 0.648077368736
        min: 0.190059363842
        var: 0.0082399379462
    silence_rate_20dB:
        dmean: 0
        dmean2: 0
        dvar: 0
        dvar2: 0
        max: 1
        mean: 1
        median: 1
        min: 1
        var: 0
    silence_rate_30dB:
        dmean: 0
        dmean2: 0
        dvar: 0
        dvar2: 0
        max: 1
        mean: 1
        median: 1
        min: 1
        var: 0
    silence_rate_60dB:
        dmean: 0.152960285544
        dmean2: 0.30596575141
        dvar: 0.129557326436
        dvar2: 0.230375155807
        max: 1
        mean: 0.564511358738
        median: 1
        min: 0
        var: 0.245852515101
    spectral_centroid:
        dmean: 342.297607422
        dmean2: 532.422302246
        dvar: 144323.5
        dvar2: 323217.65625
        max: 11791.1210938
        mean: 1792.51965332
        median: 1535.41430664
        min: 287.802764893
        var: 1962592.5
    spectral_complexity:
        dmean: 3.41650676727
        dmean2: 4.65623140335
        dvar: 18.6637210846
        dvar2: 31.9121398926
        max: 52
        mean: 10.6241512299
        median: 9
        min: 0
        var: 66.0013046265
    spectral_crest:
        dmean: 2.12680697441
        dmean2: 3.49970459938
        dvar: 3.78463864326
        dvar2: 9.97257232666
        max: 22.1320114136
        mean: 7.3379573822
        median: 6.69382095337
        min: 2.50176143646
        var: 8.30265426636
    spectral_decrease:
        dmean: 2.9983718286e-10
        dmean2: 4.21491258562e-10
        dvar: 1.54159001199e-19
        dvar2: 2.98320077128e-19
        max: 1.58049370511e-28
        mean: -7.89886267505e-10
        median: -5.91666049488e-10
        min: -4.46528014564e-09
        var: 4.41638087993e-19
    spectral_energy:
        dmean: 0.00132904644124
        dmean2: 0.00182032806333
        dvar: 3.04545983454e-06
        dvar2: 5.73428405914e-06
        max: 0.0219810977578
        mean: 0.00354401930235
        median: 0.00263243820518
        min: 9.72280693574e-21
        var: 9.24346113607e-06
    spectral_energyband_high:
        dmean: 0.000224819479627
        dmean2: 0.000307885871734
        dvar: 1.59268822131e-07
        dvar2: 3.38932352406e-07
        max: 0.00700919702649
        mean: 0.000439219205873
        median: 0.000207885692362
        min: 6.86462326956e-21
        var: 3.77540146701e-07
    spectral_energyband_low:
        dmean: 0.000186497665709
        dmean2: 0.000324775872286
        dvar: 1.28035011926e-07
        dvar2: 3.48160369867e-07
        max: 0.00257624639198
        mean: 0.000206774173421
        median: 9.91877604974e-05
        min: 1.45725438829e-23
        var: 1.01524008755e-07
    spectral_energyband_middle_high:
        dmean: 0.000591847870965
        dmean2: 0.000803612114396
        dvar: 7.93909237018e-07
        dvar2: 1.63824051924e-06
        max: 0.0167975462973
        mean: 0.00143726845272
        median: 0.000833294237964
        min: 1.25742055399e-21
        var: 2.71435169452e-06
    spectral_energyband_middle_low:
        dmean: 0.000748898426536
        dmean2: 0.00114735856187
        dvar: 1.06255481569e-06
        dvar2: 2.33915284298e-06
        max: 0.0122641427442
        mean: 0.0015664024977
        median: 0.00111175619531
        min: 1.93669807718e-22
        var: 2.15698105421e-06
    spectral_flatness_db:
        dmean: 0.0166462939233
        dmean2: 0.0254646483809
        dvar: 0.000242848342168
        dvar2: 0.000556353887077
        max: 0.268233418465
        mean: 0.127995207906
        median: 0.124299868941
        min: 0.0568469576538
        var: 0.000930233916733
    spectral_flux:
        dmean: 0.0092849181965
        dmean2: 0.0133760431781
        dvar: 0.000114930437121
        dvar2: 0.000224571864237
        max: 0.11991135031
        mean: 0.0338815487921
        median: 0.0298165306449
        min: 6.44225020552e-11
        var: 0.000361290352885
    spectral_kurtosis:
        dmean: 0.652345120907
        dmean2: 0.997338116169
        dvar: 0.641387224197
        dvar2: 1.47953784466
        max: 24.7120399475
        mean: 2.02538275719
        median: 1.73948144913
        min: -1.30104136467
        var: 2.66020059586
    spectral_rms:
        dmean: 0.00033806276042
        dmean2: 0.000450205756351
        dvar: 1.52495061911e-07
        dvar2: 2.7632080446e-07
        max: 0.00463087158278
        mean: 0.0016857876908
        median: 0.0016025705263
        min: 3.07988075147e-12
        var: 6.15701651441e-07
    spectral_rolloff:
        dmean: 599.81842041
        dmean2: 983.125671387
        dvar: 624118.5625
        dvar2: 1420751
        max: 19616.7480469
        mean: 3489.58374023
        median: 3552.97851562
        min: 258.3984375
        var: 5471964.5
    spectral_skewness:
        dmean: 0.14742963016
        dmean2: 0.218690395355
        dvar: 0.0242720246315
        dvar2: 0.0511066541076
        max: 4.31445407867
        mean: 1.19402992725
        median: 1.15941929817
        min: -0.152221947908
        var: 0.14300750196
    spectral_spread:
        dmean: 694577.875
        dmean2: 1017559.5625
        dvar: 795386183680
        dvar2: 1.52477564928e+12
        max: 42665792
        mean: 7204786
        median: 6616831
        min: 2700185.5
        var: 2.2051788161e+13
    spectral_strongpeak:
        dmean: 0.439229100943
        dmean2: 0.74303650856
        dvar: 0.708305478096
        dvar2: 1.77804732323
        max: 17.0827884674
        mean: 0.656547546387
        median: 0.226915240288
        min: 0
        var: 1.15168559551
    zerocrossingrate:
        dmean: 0.010977640748
        dmean2: 0.0130014615133
        dvar: 0.000119652198919
        dvar2: 0.000151583371917
        max: 0.5224609375
        mean: 0.106910310686
        median: 0.09912109375
        min: 0.0166015625
        var: 0.00357645004988
    barkbands:
        dmean: [4.1276652496e-07, 2.46575673373e-05, 0.000102948550193, 0.000209790086956, 0.000284146430204, 0.000195880260435, 0.000120677948871, 0.000174467175384, 9.26194916246e-05, 9.08186993911e-05, 5.75431440666e-05, 4.87394027004e-05, 6.06019384577e-05, 7.34605637263e-05, 5.41499757674e-05, 4.91305072501e-05, 7.3664195952e-05, 0.000119510892546, 0.000127480932861, 0.000208406476304, 9.16129574762e-05, 5.10839527124e-05, 1.39477479024e-05, 6.39534482616e-06, 3.60311491931e-06, 2.08171186955e-07, 8.82929118706e-10]
        dmean2: [5.72258443299e-07, 4.07477855333e-05, 0.000180784059921, 0.000364821578842, 0.000472641608212, 0.000317114288919, 0.000188578967936, 0.000279483851045, 0.000142035583849, 0.000137401380925, 8.88580470928e-05, 7.30003521312e-05, 9.20115562622e-05, 0.000110447523184, 8.01977221272e-05, 7.38330418244e-05, 0.000111036140879, 0.000177854119102, 0.00019362247258, 0.000321593863191, 0.000132409651997, 7.2491413448e-05, 1.99344558496e-05, 8.66258142196e-06, 4.89891863253e-06, 2.93465291179e-07, 1.30199029336e-09]
        dvar: [5.81340260219e-13, 2.26522889335e-09, 3.99940240925e-08, 1.38110763714e-07, 1.65724870271e-07, 1.28751068473e-07, 5.90000439615e-08, 2.19513992761e-07, 4.03030071539e-08, 6.30146388403e-08, 2.14078426097e-08, 2.21328715355e-08, 3.58985836613e-08, 5.01443437884e-08, 3.6070638032e-08, 3.16904333886e-08, 2.64486175183e-08, 4.14225809209e-08, 5.70357521212e-08, 2.80396790231e-07, 3.10190912955e-08, 8.73520367151e-09, 7.03466784824e-10, 1.30311775259e-10, 4.31410324131e-11, 2.19283182649e-13, 3.40898708021e-18]
        dvar2: [1.10863976419e-12, 5.82753800771e-09, 1.08045135505e-07, 3.73429372758e-07, 4.32871217981e-07, 3.42590283253e-07, 1.42185399454e-07, 5.23323024026e-07, 9.63228217188e-08, 1.39205823757e-07, 5.1032113646e-08, 4.53142341428e-08, 8.21674603912e-08, 1.08151553491e-07, 7.68939258933e-08, 6.41596855644e-08, 6.0146227554e-08, 9.49219938207e-08, 1.3886369743e-07, 7.26109249172e-07, 7.07628586838e-08, 1.92216464967e-08, 1.49770773561e-09, 2.67211364147e-10, 8.9370753853e-11, 5.06814371286e-13, 7.66033601876e-18]
        max: [8.03595139587e-06, 0.000519954948686, 0.00158062181436, 0.00333742285147, 0.00618967646733, 0.0051911668852, 0.00751869147643, 0.0115479752421, 0.00453213043511, 0.00794625468552, 0.003466516966, 0.00573402317241, 0.00581836607307, 0.00904996320605, 0.00521437916905, 0.00834137946367, 0.00452916137874, 0.00401648553088, 0.00507603911683, 0.0154878133908, 0.00363731337711, 0.00183791283052, 0.000556241255254, 0.000251022254815, 0.000157087735715, 9.65818162513e-06, 2.83166414761e-08]
        mean: [4.45101903779e-07, 2.73353907687e-05, 0.000101357225503, 0.000215399064473, 0.000457169575384, 0.000304883113131, 0.000181451701792, 0.000233595477766, 0.000135054375278, 0.000140774413012, 8.50939104566e-05, 8.39764179545e-05, 9.25160347833e-05, 0.000116806993901, 8.28587290016e-05, 7.91798593127e-05, 0.000119453841762, 0.000214610874536, 0.000238091583014, 0.000337156641763, 0.000170769766555, 8.74813704286e-05, 2.20620495384e-05, 1.07355708678e-05, 5.48784464627e-06, 2.70224489896e-07, 1.142233641e-09]
        median: [3.32604308539e-08, 8.99347833183e-06, 4.10363281844e-05, 8.90649898793e-05, 0.000328291731421, 0.00016031798441, 8.36964172777e-05, 5.41221452295e-05, 4.65062439616e-05, 3.74295086658e-05, 2.30920377362e-05, 1.7954447685e-05, 1.72518884938e-05, 2.53721900663e-05, 2.06648346648e-05, 2.54107835644e-05, 5.27083029738e-05, 9.97591632768e-05, 0.000110139590106, 0.000136167713208, 7.35008070478e-05, 4.09227322962e-05, 1.0079882486e-05, 4.73136651635e-06, 2.05590231417e-06, 7.75664688035e-08, 3.70870112398e-10]
        min: [3.94646033505e-25, 2.72707262504e-24, 1.33825381355e-24, 5.12439557385e-25, 7.74298690683e-24, 3.68295530264e-24, 7.57923121582e-24, 4.94562776121e-24, 1.37220682078e-23, 1.92232575724e-23, 1.70883033512e-23, 2.19927683503e-23, 1.92547820319e-23, 4.54848110273e-23, 4.00242306444e-23, 4.30581171106e-23, 6.95536198887e-23, 7.89319769832e-23, 1.33043537367e-22, 1.34761815258e-22, 2.18070184284e-22, 3.17082426283e-22, 3.56309386765e-22, 5.03591535306e-22, 8.22376916646e-22, 1.25263720438e-21, 1.82732557976e-21]
        var: [8.53221519045e-13, 2.14738116178e-09, 3.0861489364e-08, 1.18792932824e-07, 2.09782982097e-07, 1.8632697163e-07, 8.70700915812e-08, 3.59922637472e-07, 6.45780460218e-08, 1.41110220397e-07, 4.17560350741e-08, 6.50716955874e-08, 7.76511512868e-08, 1.20079846511e-07, 6.87299603896e-08, 6.9653331991e-08, 4.53513955279e-08, 9.86139099268e-08, 1.33585331241e-07, 3.65455946394e-07, 7.82786244713e-08, 1.59082738094e-08, 1.15090448283e-09, 2.74479633466e-10, 8.38609320875e-11, 2.75518269224e-13, 4.43520265099e-18]
    frequency_bands:
        dmean: [4.1276652496e-07, 2.46575673373e-05, 0.000102948550193, 0.000209790086956, 0.000284146430204, 0.000195880260435, 0.000120677948871, 0.000174467175384, 9.26194916246e-05, 9.08186993911e-05, 5.75431440666e-05, 4.87394027004e-05, 6.06019384577e-05, 7.34605637263e-05, 5.41499757674e-05, 4.91305072501e-05, 7.3664195952e-05, 0.000119510892546, 0.000127480932861, 0.000208406476304, 9.16129574762e-05, 5.10839527124e-05, 1.39477479024e-05, 6.39534482616e-06, 3.60311491931e-06, 2.08171186955e-07, 8.82929118706e-10, 3.91527539556e-11]
        dmean2: [5.72258443299e-07, 4.07477855333e-05, 0.000180784059921, 0.000364821578842, 0.000472641608212, 0.000317114288919, 0.000188578967936, 0.000279483851045, 0.000142035583849, 0.000137401380925, 8.88580470928e-05, 7.30003521312e-05, 9.20115562622e-05, 0.000110447523184, 8.01977221272e-05, 7.38330418244e-05, 0.000111036140879, 0.000177854119102, 0.00019362247258, 0.000321593863191, 0.000132409651997, 7.2491413448e-05, 1.99344558496e-05, 8.66258142196e-06, 4.89891863253e-06, 2.93465291179e-07, 1.30199029336e-09, 7.24651033623e-11]
        dvar: [5.81340260219e-13, 2.26522889335e-09, 3.99940240925e-08, 1.38110763714e-07, 1.65724870271e-07, 1.28751068473e-07, 5.90000439615e-08, 2.19513992761e-07, 4.03030071539e-08, 6.30146388403e-08, 2.14078426097e-08, 2.21328715355e-08, 3.58985836613e-08, 5.01443437884e-08, 3.6070638032e-08, 3.16904333886e-08, 2.64486175183e-08, 4.14225809209e-08, 5.70357521212e-08, 2.80396790231e-07, 3.10190912955e-08, 8.73520367151e-09, 7.03466784824e-10, 1.30311775259e-10, 4.31410324131e-11, 2.19283182649e-13, 3.40898708021e-18, 3.9933905061e-21]
        dvar2: [1.10863976419e-12, 5.82753800771e-09, 1.08045135505e-07, 3.73429372758e-07, 4.32871217981e-07, 3.42590283253e-07, 1.42185399454e-07, 5.23323024026e-07, 9.63228217188e-08, 1.39205823757e-07, 5.1032113646e-08, 4.53142341428e-08, 8.21674603912e-08, 1.08151553491e-07, 7.68939258933e-08, 6.41596855644e-08, 6.0146227554e-08, 9.49219938207e-08, 1.3886369743e-07, 7.26109249172e-07, 7.07628586838e-08, 1.92216464967e-08, 1.49770773561e-09, 2.67211364147e-10, 8.9370753853e-11, 5.06814371286e-13, 7.66033601876e-18, 1.26603878238e-20]
        max: [8.03595139587e-06, 0.000519954948686, 0.00158062181436, 0.00333742285147, 0.00618967646733, 0.0051911668852, 0.00751869147643, 0.0115479752421, 0.00453213043511, 0.00794625468552, 0.003466516966, 0.00573402317241, 0.00581836607307, 0.00904996320605, 0.00521437916905, 0.00834137946367, 0.00452916137874, 0.00401648553088, 0.00507603911683, 0.0154878133908, 0.00363731337711, 0.00183791283052, 0.000556241255254, 0.000251022254815, 0.000157087735715, 9.65818162513e-06, 2.83166414761e-08, 1.11355247245e-09]
        mean: [4.45101903779e-07, 2.73353907687e-05, 0.000101357225503, 0.000215399064473, 0.000457169575384, 0.000304883113131, 0.000181451701792, 0.000233595477766, 0.000135054375278, 0.000140774413012, 8.50939104566e-05, 8.39764179545e-05, 9.25160347833e-05, 0.000116806993901, 8.28587290016e-05, 7.91798593127e-05, 0.000119453841762, 0.000214610874536, 0.000238091583014, 0.000337156641763, 0.000170769766555, 8.74813704286e-05, 2.20620495384e-05, 1.07355708678e-05, 5.48784464627e-06, 2.70224489896e-07, 1.142233641e-09, 3.07756459206e-11]
        median: [3.32604308539e-08, 8.99347833183e-06, 4.10363281844e-05, 8.90649898793e-05, 0.000328291731421, 0.00016031798441, 8.36964172777e-05, 5.41221452295e-05, 4.65062439616e-05, 3.74295086658e-05, 2.30920377362e-05, 1.7954447685e-05, 1.72518884938e-05, 2.53721900663e-05, 2.06648346648e-05, 2.54107835644e-05, 5.27083029738e-05, 9.97591632768e-05, 0.000110139590106, 0.000136167713208, 7.35008070478e-05, 4.09227322962e-05, 1.0079882486e-05, 4.73136651635e-06, 2.05590231417e-06, 7.75664688035e-08, 3.70870112398e-10, 9.43741352427e-12]
        min: [3.94646033505e-25, 2.72707262504e-24, 1.33825381355e-24, 5.12439557385e-25, 7.74298690683e-24, 3.68295530264e-24, 7.57923121582e-24, 4.94562776121e-24, 1.37220682078e-23, 1.92232575724e-23, 1.70883033512e-23, 2.19927683503e-23, 1.92547820319e-23, 4.54848110273e-23, 4.00242306444e-23, 4.30581171106e-23, 6.95536198887e-23, 7.89319769832e-23, 1.33043537367e-22, 1.34761815258e-22, 2.18070184284e-22, 3.17082426283e-22, 3.56309386765e-22, 5.03591535306e-22, 8.22376916646e-22, 1.25263720438e-21, 1.82732557976e-21, 4.94123285933e-22]
        var: [8.53221519045e-13, 2.14738116178e-09, 3.0861489364e-08, 1.18792932824e-07, 2.09782982097e-07, 1.8632697163e-07, 8.70700915812e-08, 3.59922637472e-07, 6.45780460218e-08, 1.41110220397e-07, 4.17560350741e-08, 6.50716955874e-08, 7.76511512868e-08, 1.20079846511e-07, 6.87299603896e-08, 6.9653331991e-08, 4.53513955279e-08, 9.86139099268e-08, 1.33585331241e-07, 3.65455946394e-07, 7.82786244713e-08, 1.59082738094e-08, 1.15090448283e-09, 2.74479633466e-10, 8.38609320875e-11, 2.75518269224e-13, 4.43520265099e-18, 3.325756999e-21]
    mfcc:
        mean: [-727.336425781, 83.5711517334, -19.8402614594, 44.9132537842, -21.134727478, -7.76337766647, -5.82562971115, -8.80566978455, -10.2110319138, -10.3026485443, -4.88022851944, -8.77122879028, -7.23414373398]
        cov: [[7873.07226562, 442.047027588, -479.336517334, 482.54119873, -266.709075928, -81.2684020996, -68.3987045288, -73.3427047729, -47.8136100769, -21.9526958466, -7.05882740021, -66.0601348877, -69.5509643555], [442.047027588, 760.112060547, -141.877304077, -61.2815589905, -103.77986908, -27.4026927948, 11.2794284821, -21.0891666412, -42.2939949036, -32.1915931702, 35.1196250916, -5.3495221138, -44.4325180054], [-479.336517334, -141.877304077, 444.370513916, 66.2385787964, 45.2879600525, -4.03874063492, 0.832677960396, 36.5388374329, 25.4685535431, 5.38544082642, -22.5847740173, 11.0650777817, 35.3355178833], [482.54119873, -61.2815589905, 66.2385787964, 391.895355225, 55.0813446045, -9.21645641327, -57.8450469971, -33.5934677124, 36.0922775269, -1.45939064026, -66.2372817993, -26.1796951294, 28.4792175293], [-266.709075928, -103.77986908, 45.2879600525, 55.0813446045, 170.650115967, 27.4962978363, -31.5994186401, 0.428388029337, 37.0263252258, 28.9570884705, -14.3158826828, -7.2647228241, 11.8911933899], [-81.2684020996, -27.4026927948, -4.03874063492, -9.21645641327, 27.4962978363, 114.422172546, 63.3102684021, 22.4138298035, -5.45724821091, -10.6693754196, 8.71003723145, 6.84431791306, -10.8348417282], [-68.3987045288, 11.2794284821, 0.832677960396, -57.8450469971, -31.5994186401, 63.3102684021, 131.012969971, 53.0737724304, -16.2738704681, -17.3292274475, 14.1505908966, 17.6998901367, -10.6766557693], [-73.3427047729, -21.0891666412, 36.5388374329, -33.5934677124, 0.428388029337, 22.4138298035, 53.0737724304, 91.9498901367, 23.5941810608, -1.81114172935, 4.32513093948, 10.614235878, -2.01613545418], [-47.8136100769, -42.2939949036, 25.4685535431, 36.0922775269, 37.0263252258, -5.45724821091, -16.2738704681, 23.5941810608, 83.3977737427, 37.1505317688, -7.4833445549, -3.53181743622, 5.93263053894], [-21.9526958466, -32.1915931702, 5.38544082642, -1.45939064026, 28.9570884705, -10.6693754196, -17.3292274475, -1.81114172935, 37.1505317688, 81.9473724365, 18.1705970764, -5.93548536301, 1.9427344799], [-7.05882740021, 35.1196250916, -22.5847740173, -66.2372817993, -14.3158826828, 8.71003723145, 14.1505908966, 4.32513093948, -7.4833445549, 18.1705970764, 82.7438735962, 25.946346283, -13.3095283508], [-66.0601348877, -5.3495221138, 11.0650777817, -26.1796951294, -7.2647228241, 6.84431791306, 17.6998901367, 10.614235878, -3.53181743622, -5.93548536301, 25.946346283, 64.4951400757, 16.5205516815], [-69.5509643555, -44.4325180054, 35.3355178833, 28.4792175293, 11.8911933899, -10.8348417282, -10.6766557693, -2.01613545418, 5.93263053894, 1.9427344799, -13.3095283508, 16.5205516815, 63.1918373108]]
        icov: [[0.000171290186699, -4.33790155512e-05, 0.000180542745511, -0.000322004110785, 0.000288592593279, 1.44388704939e-05, 8.92202515388e-05, -0.00015220658679, 0.00012772307673, -0.000110099725134, -9.34636409511e-05, 4.53167122032e-05, 0.000120439544844], [-4.33790155512e-05, 0.0015845230082, 0.000288735958748, 5.66943199374e-05, 0.0005227100919, 0.000415104383137, -0.000139444702654, 0.000231886850088, 3.68479995814e-05, 0.000544761540368, -0.000565003487282, 0.000189022248378, 0.000647411041427], [0.000180542745511, 0.000288735958748, 0.00282755377702, -0.000712537497748, -0.0001238638215, 0.000469856662676, 1.24739162857e-05, -0.00135479553137, 0.000261650595348, -0.000101998310129, 0.00010251715139, -0.000259705964709, -0.000727437611204], [-0.000322004110785, 5.66943199374e-05, -0.000712537497748, 0.00403146771714, -0.000869191193487, -0.000629469519481, 0.000560220738407, 0.00165791681502, -0.00179526337888, 0.000841521134134, 0.00207631406374, 0.000389064254705, -0.00105155073106], [0.000288592593279, 0.0005227100919, -0.0001238638215, -0.000869191193487, 0.00906887464225, -0.00415615225211, 0.00363641511649, -0.00077617901843, -0.00143632455729, -0.00222391728312, 0.000772698433138, 9.30854585022e-05, -0.000341739272699], [1.44388704939e-05, 0.000415104383137, 0.000469856662676, -0.000629469519481, -0.00415615225211, 0.0146435126662, -0.0082042645663, 0.00099796440918, 5.81616841373e-05, 0.00210794410668, -0.00169224001002, 0.000198038949748, 0.001788796857], [8.92202515388e-05, -0.000139444702654, 1.24739162857e-05, 0.000560220738407, 0.00363641511649, -0.0082042645663, 0.0165763534606, -0.00804917793721, 0.00347841111943, -0.000979266711511, 0.000867055205163, -0.00204498018138, 0.00061437120894], [-0.00015220658679, 0.000231886850088, -0.00135479553137, 0.00165791681502, -0.00077617901843, 0.00099796440918, -0.00804917793721, 0.0185438618064, -0.00803708378226, 0.00292114424519, -0.000164760669577, -0.000449900166132, 0.000302417261992], [0.00012772307673, 3.68479995814e-05, 0.000261650595348, -0.00179526337888, -0.00143632455729, 5.81616841373e-05, 0.00347841111943, -0.00803708378226, 0.0204456932843, -0.00886624027044, 0.00251802615821, -0.00132041727193, 0.00066942430567], [-0.000110099725134, 0.000544761540368, -0.000101998310129, 0.000841521134134, -0.00222391728312, 0.00210794410668, -0.000979266711511, 0.00292114424519, -0.00886624027044, 0.0191548522562, -0.00669145397842, 0.00397348869592, -0.00155736412853], [-9.34636409511e-05, -0.000565003487282, 0.00010251715139, 0.00207631406374, 0.000772698433138, -0.00169224001002, 0.000867055205163, -0.000164760669577, 0.00251802615821, -0.00669145397842, 0.0193222351372, -0.00867016334087, 0.00451813451946], [4.53167122032e-05, 0.000189022248378, -0.000259705964709, 0.000389064254705, 9.30854585022e-05, 0.000198038949748, -0.00204498018138, -0.000449900166132, -0.00132041727193, 0.00397348869592, -0.00867016334087, 0.0221770219505, -0.00781292282045], [0.000120439544844, 0.000647411041427, -0.000727437611204, -0.00105155073106, -0.000341739272699, 0.001788796857, 0.00061437120894, 0.000302417261992, 0.00066942430567, -0.00155736412853, 0.00451813451946, -0.00781292282045, 0.0207569655031]]
    sccoeffs:
        dmean: [0.0541407056153, 0.0481081604958, 0.0370620787144, 0.0317186973989, 0.0213770903647, 0.0166785251349]
        dmean2: [0.0886878818274, 0.0777549296618, 0.0594701133668, 0.048600897193, 0.0341250002384, 0.0264791790396]
        dvar: [0.00193809939083, 0.00160904286895, 0.000991636887193, 0.000728134007659, 0.000327345362166, 0.000240199893597]
        dvar2: [0.00507809314877, 0.00420032301918, 0.00239480938762, 0.00158824562095, 0.000793637067545, 0.000578650855459]
        max: [-0.400368064642, -0.440039128065, -0.465239137411, -0.50337934494, -0.621872425079, -0.620115339756]
        mean: [-0.646475374699, -0.74572879076, -0.773555636406, -0.774059295654, -0.793315827847, -0.771822035313]
        median: [-0.641242384911, -0.747866749763, -0.783245563507, -0.784538269043, -0.793902754784, -0.773457050323]
        min: [-0.979283392429, -0.980813860893, -0.976287484169, -0.969078719616, -0.966471016407, -0.965303421021]
        var: [0.00664172461256, 0.00534530216828, 0.00497323833406, 0.00495545286685, 0.00185134727508, 0.0020105058793]
    scvalleys:
        dmean: [0.480155616999, 0.390960454941, 0.355544507504, 0.332784891129, 0.311121374369, 0.344843834639]
        dmean2: [0.743926107883, 0.607504487038, 0.528097331524, 0.48329859972, 0.407440423965, 0.412170469761]
        dvar: [0.216430157423, 0.16902500391, 0.14056558907, 0.133420914412, 0.133600801229, 0.14327943325]
        dvar2: [0.39713165164, 0.299939930439, 0.237007856369, 0.212236896157, 0.194511562586, 0.211267873645]
        max: [-5.35843086243, -4.4575138092, -5.20877742767, -5.88150310516, -5.48454332352, -7.33036088943]
        mean: [-7.55026578903, -7.01932954788, -7.757147789, -8.22588157654, -7.78197097778, -9.59563159943]
        median: [-7.20715427399, -6.6340341568, -7.38157844543, -7.83650779724, -7.38994598389, -9.21176624298]
        min: [-28.3838310242, -27.9251403809, -27.8743534088, -27.6101398468, -27.4723091125, -27.4282989502]
        var: [8.07196807861, 8.30417919159, 7.67422008514, 7.35671615601, 7.69558763504, 6.59249830246]

rhythm:
    beats_loudness:
        dmean: 0.00475808605552
        dmean2: 0.00933621637523
        dvar: 9.56384428719e-06
        dvar2: 3.09183087666e-05
        max: 0.0182824227959
        mean: 0.00714053725824
        median: 0.00685939146206
        min: 0
        var: 1.36003254738e-05
    bpm: 121.352706909
    bpm_confidence: 0
    first_peak_bpm: 120
    first_peak_spread: 0.439739406109
    first_peak_weight: 0.544303774834
    onset_rate: 3.98685264587
    second_peak_bpm: 126
    second_peak_spread: 0.25
    second_peak_weight: 0.0189873408526
    beats_loudness_band_ratio:
        dmean: [0.116471245885, 0.123275600374, 0.107344411314, 0.114960901439, 0.0696434527636, 0.117822431028]
        dmean2: [0.208016827703, 0.218876600266, 0.188842028379, 0.215617567301, 0.120741911232, 0.209100708365]
        dvar: [0.0106805143878, 0.00729507068172, 0.00855350214988, 0.0242420043796, 0.00428731413558, 0.00759426318109]
        dvar2: [0.0328332073987, 0.0236908383667, 0.0259384978563, 0.0810227766633, 0.0121457846835, 0.0258128643036]
        max: [0.607337355614, 0.804250478745, 0.644345343113, 0.695016920567, 0.575936615467, 0.67621332407]
        mean: [0.158668264747, 0.222989827394, 0.165426939726, 0.108344852924, 0.136715188622, 0.254679471254]
        median: [0.136900171638, 0.218608364463, 0.14686319232, 0.0512048155069, 0.120396114886, 0.247611865401]
        min: [0, 0, 0, 0, 0, 0]
        var: [0.0124525176361, 0.0125605799258, 0.0117664067075, 0.0191362053156, 0.0058927917853, 0.0135428719223]
    beats_position: [0.545668900013, 1.06811785698, 1.55573689938, 2.04335594177, 2.53097510338, 3.01859402657, 3.50621318817, 3.99383211136, 4.48145103455, 4.96907043457, 5.45668935776, 5.94430828094, 6.43192720413, 6.91954612732, 7.40716552734, 7.90639448166, 8.40562343597, 8.893242836, 9.4040813446, 9.90331077576, 10.4025392532, 10.8901586533, 11.3777770996, 11.8653964996, 12.3530158997, 12.840634346, 13.328253746, 13.8158731461, 14.3034915924, 14.7911109924, 15.2787294388, 15.7663488388, 16.2539672852, 16.7415866852, 17.2408161163, 17.7400455475, 18.2276649475, 18.7152824402, 19.2029018402, 19.6905212402, 20.1781406403, 20.6657600403, 21.153377533, 21.640996933, 22.1402263641, 22.6394557953, 23.1270751953, 23.614692688, 24.102312088, 24.589931488, 25.0891609192, 25.5883903503, 26.0876178741, 26.5868473053, 27.0860767365, 27.5853061676, 28.0729255676, 28.5605430603, 29.0597724915, 29.5590019226, 30.0582313538, 30.5458488464, 31.0334682465, 31.5326976776, 32.0203170776, 32.5079345703, 32.9955558777, 33.4831733704, 33.9824028015, 34.4816322327, 34.9692497253, 35.4568710327, 35.9444885254, 36.4321098328, 36.9313354492, 37.4305648804, 37.9181861877, 38.4058036804, 38.9050331116, 39.4042625427, 39.9034919739, 40.402721405, 40.8903388977, 41.3779602051, 41.8655776978, 42.3531951904, 42.8408164978, 43.340045929, 43.8392753601, 44.3268928528, 44.8261222839, 45.3253517151, 45.8129692078, 46.3005905151, 46.7998161316, 47.2990455627, 47.7866668701, 48.2742843628, 48.7619056702, 49.2611312866, 49.7603607178, 50.2595901489, 50.7472114563, 51.2464370728, 51.7340583801, 52.2332878113, 52.720905304, 53.2201347351, 53.7193641663, 54.2185935974, 54.7062110901, 55.2170524597, 55.7046699524, 56.2038993835, 56.7031288147, 57.2023582458, 57.701587677, 58.1892051697, 58.6884346008, 59.187664032, 59.6752815247, 60.1745109558, 60.6621322632, 61.1613578796, 61.648979187, 62.1482086182, 62.6474380493, 63.135055542, 63.6342849731, 64.1335144043, 64.621131897, 65.1087493896, 65.6079788208, 66.107208252, 66.5948257446, 67.0824508667, 67.5700683594, 68.0576858521, 68.5569152832, 69.0561447144, 69.5553741455, 70.0546035767, 70.5422210693, 71.029838562, 71.5174560547, 72.0050811768, 72.5043106079, 73.0035324097, 73.5027618408, 74.001991272, 74.5012207031, 75.0004501343, 75.488067627, 75.9872970581, 76.4749221802, 76.9741516113, 77.4733810425, 77.9726028442, 78.4602279663, 78.947845459, 79.4470748901, 79.9463043213, 80.4455337524, 80.9447631836, 81.4439926147, 81.9432220459, 82.4424438477, 82.9416732788, 83.4292984009, 83.9169158936, 84.4161453247, 84.9153747559, 85.414604187, 85.9138336182, 86.4014511108, 86.8890686035, 87.3766860962, 87.8759155273, 88.3751449585, 88.8743743896, 89.3736038208, 89.872833252, 90.3604507446, 90.8596801758, 91.3472976685, 91.8465270996, 92.3457565308, 92.8333740234, 93.3326034546, 93.8318328857, 94.3310623169, 94.830291748, 95.3295211792, 95.8287506104, 96.316368103, 96.8155975342, 97.3148269653, 97.802444458, 98.3016738892, 98.8009033203, 99.288520813, 99.7761459351, 100.275375366, 100.774604797, 101.26222229, 101.761451721, 102.260681152, 102.771514893, 103.259140015, 103.746757507, 104.245986938, 104.74521637, 105.244445801, 105.743675232, 106.231292725, 106.718910217, 107.20652771, 107.705757141, 108.204986572, 108.692604065, 109.191833496, 109.691062927, 110.17868042, 110.677909851, 111.165527344, 111.664756775, 112.152381897, 112.63999939, 113.139228821, 113.638458252, 114.126075745, 114.625305176, 115.124534607, 115.6121521, 116.099769592, 116.598999023, 117.098228455, 117.597457886, 118.096687317, 118.607528687, 119.095146179, 119.59437561, 120.093605042, 120.581222534, 121.080451965, 121.591293335, 122.090522766, 122.589744568, 123.088973999, 123.58820343, 124.087432861, 124.586662292, 125.085891724, 125.585121155, 126.084350586, 126.583580017, 127.082809448, 127.582038879, 128.081268311, 128.580490112, 129.079727173, 129.567337036, 130.066574097, 130.565795898, 131.065032959, 131.564254761, 132.063491821, 132.562713623, 133.061950684, 133.561172485, 134.048797607, 134.536407471, 135.035644531, 135.534866333, 136.034103394, 136.533325195, 137.032562256, 137.531784058, 138.01940918, 138.518630981, 139.017868042, 139.505477905, 140.004714966, 140.503936768, 141.003173828, 141.50239563, 142.00163269, 142.500854492, 143.000091553, 143.499313354, 143.986938477, 144.47454834, 144.9737854, 145.473007202, 145.960632324, 146.448257446, 146.947479248, 147.446716309, 147.94593811, 148.445159912, 148.944396973, 149.443618774, 149.931243896, 150.418869019, 150.906478882, 151.405715942, 151.893325806, 152.380950928, 152.880172729, 153.344573975, 153.80897522, 154.284988403, 154.761001587, 155.236999512, 155.713012695, 156.189025879, 156.665023804]
    bpm_estimates: [123.046875, 123.046875, 123.046844482, 123.046905518, 123.046844482, 123.046905518, 123.046905518, 123.046783447, 123.046905518, 123.046905518, 123.046905518, 123.046905518, 123.046783447, 120.185333252, 120.185333252, 123.046783447, 117.453948975, 120.185218811, 120.185455322, 123.046783447, 123.047027588, 123.046783447, 123.046783447, 123.047027588, 123.046783447, 123.046783447, 123.047027588, 123.046783447, 123.047027588, 123.046783447, 123.047027588, 123.046783447, 120.185218811, 120.185218811, 123.046783447, 123.047264099, 123.046783447, 123.046783447, 123.046783447, 123.046783447, 123.047264099, 123.046783447, 120.185218811, 120.185218811, 123.046783447, 123.047264099, 123.046783447, 123.046783447, 120.185218811, 120.185218811, 120.185684204, 120.185218811, 120.185218811, 120.185218811, 123.046783447, 123.047264099, 120.185218811, 120.185218811, 120.185218811, 123.047264099, 123.046783447, 120.185218811, 123.046783447, 123.047264099, 123.046302795, 123.047264099, 120.185218811, 120.185218811, 123.047264099, 123.046302795, 123.047264099, 123.046302795, 120.186141968, 120.185218811, 123.046302795, 123.047264099, 120.185218811, 120.185218811, 120.185218811, 120.185218811, 123.047264099, 123.046302795, 123.047264099, 123.047264099, 123.046302795, 120.185218811, 120.185218811, 123.047264099, 120.185218811, 120.185218811, 123.047264099, 123.046302795, 120.186141968, 120.185218811, 123.046302795, 123.047264099, 123.046302795, 120.186141968, 120.185218811, 120.185218811, 123.046302795, 120.186141968, 123.046302795, 120.185218811, 123.047264099, 120.185218811, 120.185218811, 120.185218811, 123.047264099, 117.453292847, 123.047264099, 120.185218811, 120.185218811, 120.185218811, 120.185218811, 123.047264099, 120.185218811, 120.185218811, 123.047264099, 120.185218811, 123.046302795, 120.186141968, 123.046302795, 120.185218811, 120.185218811, 123.047264099, 120.185218811, 120.185218811, 123.047264099, 123.047264099, 120.185218811, 120.185218811, 123.047264099, 123.045341492, 123.047264099, 123.047264099, 120.185218811, 120.185218811, 120.185218811, 120.185218811, 123.047264099, 123.047264099, 123.047264099, 123.045341492, 120.185218811, 120.187057495, 120.185218811, 120.185218811, 120.185218811, 120.185218811, 123.047264099, 120.185218811, 123.045341492, 120.185218811, 120.185218811, 120.187057495, 123.045341492, 123.047264099, 120.185218811, 120.185218811, 120.185218811, 120.185218811, 120.185218811, 120.185218811, 120.187057495, 120.185218811, 123.045341492, 123.047264099, 120.185218811, 120.185218811, 120.185218811, 120.185218811, 123.047264099, 123.047264099, 123.047264099, 120.185218811, 120.185218811, 120.185218811, 120.185218811, 120.185218811, 123.047264099, 120.185218811, 123.047264099, 120.185218811, 120.185218811, 123.047264099, 120.185218811, 120.185218811, 120.185218811, 120.185218811, 120.185218811, 120.185218811, 123.047264099, 120.185218811, 120.185218811, 123.047264099, 120.185218811, 120.185218811, 123.047264099, 123.045341492, 120.185218811, 120.185218811, 123.047264099, 120.185218811, 120.185218811, 117.455047607, 123.045341492, 123.047264099, 120.185218811, 120.185218811, 120.185218811, 120.185218811, 123.047264099, 123.047264099, 123.047264099, 120.185218811, 120.185218811, 123.047264099, 120.185218811, 120.185218811, 123.047264099, 120.185218811, 123.047264099, 120.185218811, 123.045341492, 123.047264099, 120.185218811, 120.185218811, 123.047264099, 120.185218811, 120.185218811, 123.047264099, 123.047264099, 120.185218811, 120.185218811, 120.185218811, 120.185218811, 117.453292847, 123.047264099, 120.185218811, 120.185218811, 123.047264099, 120.185218811, 117.453292847, 120.185218811, 120.187057495, 120.185218811, 120.185218811, 120.185218811, 120.185218811, 120.185218811, 120.185218811, 120.185218811, 120.185218811, 120.185218811, 120.185218811, 120.185218811, 120.187057495, 120.183387756, 123.049194336, 120.183387756, 120.187057495, 120.183387756, 120.187057495, 120.183387756, 120.187057495, 120.183387756, 120.187057495, 123.045341492, 123.049194336, 120.183387756, 120.187057495, 120.183387756, 120.187057495, 120.183387756, 120.187057495, 123.045341492, 120.187057495, 120.183387756, 123.049194336, 120.183387756, 120.187057495, 120.183387756, 120.187057495, 120.183387756, 120.187057495, 120.183387756, 120.187057495, 123.045341492, 123.049194336, 120.183387756, 120.187057495, 123.045341492, 123.045341492, 120.187057495, 120.183387756, 120.187057495, 120.187057495, 120.183387756, 120.187057495, 123.045341492, 123.045341492, 123.049194336, 120.183387756, 123.049194336, 123.045341492, 120.187057495]
