
metadata:
    version:
        essentia: "2.0.1"
    audio_properties:
        analysis_sample_rate: 44100
        bitrate: 320
        channels: 2
        equal_loudness: 1
        length: 271.361053467
        replay_gain: -7.71743392944
        downmix: "mix"
    tags:
        track: 10
        year: 2004
        album: "Uzun Uzun"
        artist: "Feridun Düzağaç"
        comment: ""
        genre: "Rock"
        title: "F.d."

configuration:
    average_loudness:
        compute: 1
        frameSize: 88200
        hopSize: 44100
        silentFrames: "noise"
        windowType: "hann"
    general:
        analysisSampleRate: 44100
        endTime: 2000
        equalLoudness: 1
        nequalLoudness: 0
        shortSound: 0
        startTime: 0
    lowlevel:
        compute: 1
        frameSize: 2048
        hopSize: 1024
        zeroPadding: 0
        silentFrames: "noise"
        windowType: "blackmanharris62"
        mfccStats: ["mean", "cov", "icov"]
        stats: ["mean", "var", "median", "min", "max", "dmean", "dmean2", "dvar", "dvar2"]
    panning:
        compute: 0
        frameSize: 8192
        hopSize: 2048
        zeroPadding: 8192
        silentFrames: "noise"
        windowType: "hann"
        stats: ["copy"]
    rhythm:
        compute: 1
        maxTempo: 208
        minTempo: 40
        method: "degara"
        stats: ["mean", "var", "median", "min", "max", "dmean", "dmean2", "dvar", "dvar2"]
    segmentation:
        compute: 0
        cpw: 5
        inc1: 300
        inc2: 50
        minimumSegmentsLength: 10
        size1: 1000
        size2: 600
    sfx:
        compute: 1
        stats: ["mean", "var", "median", "min", "max", "dmean", "dmean2", "dvar", "dvar2"]
    svm:
        compute: 0
    tonal:
        compute: 1
        frameSize: 4096
        hopSize: 2048
        zeroPadding: 0
        silentFrames: "noise"
        windowType: "blackmanharris62"
        stats: ["mean", "var", "median", "min", "max", "dmean", "dmean2", "dvar", "dvar2"]

lowlevel:
    average_loudness: 0.13319529593
    barkbands_kurtosis:
        dmean: 1.54531109333
        dmean2: 2.43019080162
        dvar: 6.45644950867
        dvar2: 14.8842630386
        max: 64.8148193359
        mean: 1.35916650295
        median: -0.332133173943
        min: -1.9073394537
        var: 22.734249115
    barkbands_skewness:
        dmean: 0.462171941996
        dmean2: 0.714269578457
        dvar: 0.195570200682
        dvar2: 0.457681894302
        max: 6.7126660347
        mean: 0.794469594955
        median: 0.789749622345
        min: -6.44071435928
        var: 1.63818228245
    barkbands_spread:
        dmean: 5.36058950424
        dmean2: 8.3890914917
        dvar: 33.7796859741
        dvar2: 77.9775161743
        max: 73.6639251709
        mean: 27.2527370453
        median: 27.4455604553
        min: 1.07295179367
        var: 158.087158203
    dissonance:
        dmean: 0.0169960185885
        dmean2: 0.0285407230258
        dvar: 0.00033034972148
        dvar2: 0.000872682488989
        max: 0.500000059605
        mean: 0.467642515898
        median: 0.476871967316
        min: 0.256036102772
        var: 0.000893760763574
    hfc:
        dmean: 1.12672686577
        dmean2: 1.70981872082
        dvar: 3.75017237663
        dvar2: 7.78393220901
        max: 47.9492835999
        mean: 3.35849571228
        median: 1.89585113525
        min: 1.16159359909e-09
        var: 16.3099861145
    pitch:
        dmean: 608.830810547
        dmean2: 1178.15686035
        dvar: 1393110.75
        dvar2: 3394983.5
        max: 6083.66748047
        mean: 939.107055664
        median: 205.837768555
        min: 58.1514434814
        var: 1817316.125
    pitch_instantaneous_confidence:
        dmean: 0.0881039723754
        dmean2: 0.139184772968
        dvar: 0.00681719975546
        dvar2: 0.0152058377862
        max: 0.953977763653
        mean: 0.462081074715
        median: 0.436170130968
        min: 0.127709388733
        var: 0.0314619503915
    pitch_salience:
        dmean: 0.0615445524454
        dmean2: 0.101178109646
        dvar: 0.00277151912451
        dvar2: 0.00725590670481
        max: 0.970733165741
        mean: 0.642914831638
        median: 0.652420520782
        min: 0.18288770318
        var: 0.00810664705932
    silence_rate_20dB:
        dmean: 0
        dmean2: 0
        dvar: 0
        dvar2: 0
        max: 1
        mean: 1
        median: 1
        min: 1
        var: 0
    silence_rate_30dB:
        dmean: 0
        dmean2: 0
        dvar: 0
        dvar2: 0
        max: 1
        mean: 1
        median: 1
        min: 1
        var: 0
    silence_rate_60dB:
        dmean: 0.109352268279
        dmean2: 0.218723252416
        dvar: 0.0973987430334
        dvar2: 0.199640288949
        max: 1
        mean: 0.692248463631
        median: 1
        min: 0
        var: 0.213054090738
    spectral_centroid:
        dmean: 231.804458618
        dmean2: 360.87121582
        dvar: 76094.2890625
        dvar2: 173067.1875
        max: 5030.24755859
        mean: 1267.57409668
        median: 1091.22302246
        min: 206.091461182
        var: 466156.5
    spectral_complexity:
        dmean: 1.82510483265
        dmean2: 2.9026184082
        dvar: 4.49910736084
        dvar2: 10.0200424194
        max: 33
        mean: 6.81741952896
        median: 5
        min: 0
        var: 27.2812366486
    spectral_crest:
        dmean: 2.1980817318
        dmean2: 3.55525231361
        dvar: 3.7453417778
        dvar2: 9.28606319427
        max: 24.9386291504
        mean: 8.81191444397
        median: 8.01254844666
        min: 2.3539147377
        var: 13.5141181946
    spectral_decrease:
        dmean: 2.59609306275e-10
        dmean2: 4.14477396848e-10
        dvar: 2.11401592723e-19
        dvar2: 4.95294864486e-19
        max: -4.73019194321e-20
        mean: -7.01836921913e-10
        median: -4.35803393373e-10
        min: -1.03506145877e-08
        var: 7.50817728245e-19
    spectral_energy:
        dmean: 0.00106813909952
        dmean2: 0.00169743748847
        dvar: 3.51043445335e-06
        dvar2: 8.14613576949e-06
        max: 0.0423498079181
        mean: 0.00295351701789
        median: 0.00186351453885
        min: 2.83888716571e-13
        var: 1.27960238387e-05
    spectral_energyband_high:
        dmean: 4.74624393973e-05
        dmean2: 7.61510164011e-05
        dvar: 8.15410317045e-09
        dvar2: 1.965272034e-08
        max: 0.00245636538602
        mean: 0.000102140511444
        median: 4.74164553452e-05
        min: 1.22122337199e-13
        var: 2.25950156363e-08
    spectral_energyband_low:
        dmean: 0.000186018820386
        dmean2: 0.000330498733092
        dvar: 1.64665209468e-07
        dvar2: 4.76135681993e-07
        max: 0.00533056072891
        mean: 0.000256999046542
        median: 0.000159497256391
        min: 1.97159581616e-15
        var: 1.35778890353e-07
    spectral_energyband_middle_high:
        dmean: 0.000316661520628
        dmean2: 0.000472403247841
        dvar: 3.57166953791e-07
        dvar2: 7.05047114025e-07
        max: 0.0185364671052
        mean: 0.000904373882804
        median: 0.000462599709863
        min: 1.51971141292e-13
        var: 1.53122607571e-06
    spectral_energyband_middle_low:
        dmean: 0.000775967899244
        dmean2: 0.00124686188065
        dvar: 2.23063625526e-06
        dvar2: 5.32701642442e-06
        max: 0.034933436662
        mean: 0.00180675764568
        median: 0.000833045342006
        min: 1.22782863656e-14
        var: 7.28669920136e-06
    spectral_flatness_db:
        dmean: 0.0183871425688
        dmean2: 0.0283937547356
        dvar: 0.000298722909065
        dvar2: 0.000692722620443
        max: 0.372605800629
        mean: 0.175675868988
        median: 0.173181056976
        min: 0.0693289041519
        var: 0.00147776177619
    spectral_flux:
        dmean: 0.00792289339006
        dmean2: 0.0127695724368
        dvar: 0.000123990190332
        dvar2: 0.000253814214375
        max: 0.139071807265
        mean: 0.0268702320755
        median: 0.0232805199921
        min: 6.07056499575e-05
        var: 0.000310273084324
    spectral_kurtosis:
        dmean: 1.50088894367
        dmean2: 2.56241583824
        dvar: 2.38315820694
        dvar2: 6.81917333603
        max: 24.1191673279
        mean: 4.37051677704
        median: 4.17092418671
        min: -0.959532499313
        var: 5.27747774124
    spectral_rms:
        dmean: 0.000274200487183
        dmean2: 0.000430099229561
        dvar: 1.44113926126e-07
        dvar2: 3.41904836887e-07
        max: 0.00642782123759
        mean: 0.00147108896635
        median: 0.00134835555218
        min: 1.66422537973e-08
        var: 7.17359910141e-07
    spectral_rolloff:
        dmean: 483.241455078
        dmean2: 794.927490234
        dvar: 437913.5625
        dvar2: 1002408.625
        max: 6438.42773438
        mean: 2386.75439453
        median: 2756.25
        min: 193.798828125
        var: 1522117.5
    spectral_skewness:
        dmean: 0.219568550587
        dmean2: 0.353273779154
        dvar: 0.0462503060699
        dvar2: 0.114735275507
        max: 3.86707639694
        mean: 1.48132932186
        median: 1.49170327187
        min: -0.271213501692
        var: 0.187744930387
    spectral_spread:
        dmean: 480973.71875
        dmean2: 723375.6875
        dvar: 416568541184
        dvar2: 881015259136
        max: 13057949
        mean: 4130203.5
        median: 3871872.5
        min: 1741148.625
        var: 1.52499925811e+12
    spectral_strongpeak:
        dmean: 0.272872358561
        dmean2: 0.459314495325
        dvar: 0.276208341122
        dvar2: 0.713292777538
        max: 6.4818611145
        mean: 0.468058615923
        median: 0.18588244915
        min: 2.36383175434e-06
        var: 0.441226691008
    zerocrossingrate:
        dmean: 0.00814757402986
        dmean2: 0.00953635945916
        dvar: 7.40434043109e-05
        dvar2: 8.57238046592e-05
        max: 0.4072265625
        mean: 0.0767237842083
        median: 0.072265625
        min: 0.01171875
        var: 0.000971940695308
    barkbands:
        dmean: [1.04429730641e-07, 2.66801926045e-05, 0.000100578268757, 0.000142762844916, 0.000229900426348, 0.00023102403793, 0.000203036048333, 0.000151800195454, 9.8552343843e-05, 4.62661337224e-05, 3.02052740153e-05, 3.40950537066e-05, 2.13904640987e-05, 3.11183284794e-05, 3.75112540496e-05, 4.08053238061e-05, 5.2332328778e-05, 8.81732776179e-05, 0.000102246478491, 4.64746153739e-05, 2.33359787671e-05, 1.18454581752e-05, 1.49862989929e-06, 4.97174426073e-07, 3.38089904517e-07, 1.11580389373e-08, 2.12186684889e-10]
        dmean2: [1.64137560432e-07, 4.76075911138e-05, 0.000177636058652, 0.000247971736826, 0.00038129609311, 0.000356217380613, 0.000305931549519, 0.000248170108534, 0.000157297181431, 7.42193733458e-05, 4.78811380162e-05, 5.39875836694e-05, 3.24643297063e-05, 4.66993806185e-05, 5.64253095945e-05, 6.35241594864e-05, 8.17621403257e-05, 0.000138865914778, 0.000157002272317, 7.76204251451e-05, 3.7021789467e-05, 1.87537934835e-05, 2.32417028201e-06, 7.82294648616e-07, 5.34496564342e-07, 1.91771061253e-08, 3.79676595719e-10]
        dvar: [4.48715263351e-14, 4.61293803156e-09, 5.42788747282e-08, 6.08503469834e-08, 1.73199694586e-07, 3.36753288366e-07, 5.1967225545e-07, 3.0253883665e-07, 1.35749772312e-07, 1.9666325457e-08, 8.01565480657e-09, 2.10325392658e-08, 6.70609656694e-09, 9.86327020058e-09, 3.3470573868e-08, 1.78174719423e-08, 9.3823553371e-09, 3.308944585e-08, 4.79896797856e-08, 1.4228525913e-08, 2.10952277868e-09, 1.16145737472e-09, 2.02771428121e-11, 2.49262329527e-12, 1.03820164271e-12, 1.70570232726e-15, 4.72281148881e-19]
        dvar2: [9.66932426055e-14, 1.30957475974e-08, 1.5566369882e-07, 1.70924664644e-07, 4.54562126606e-07, 7.17421698937e-07, 1.07046685116e-06, 6.82028883148e-07, 2.58752720583e-07, 4.46104380103e-08, 1.58628647995e-08, 4.66516709707e-08, 1.27153603202e-08, 1.96842186995e-08, 5.97444511641e-08, 3.74588644547e-08, 2.15777973267e-08, 7.19582899933e-08, 1.01874434222e-07, 3.73908832785e-08, 4.6721364555e-09, 2.5351050148e-09, 4.76774938973e-11, 6.21348719004e-12, 2.59770763927e-12, 4.78016563981e-15, 1.35794456812e-18]
        max: [2.7437783956e-06, 0.000892153126188, 0.00322206830606, 0.00317927543074, 0.00887975655496, 0.0141545049846, 0.0250359736383, 0.0174177791923, 0.032076086849, 0.00838660728186, 0.0052417460829, 0.00532394694164, 0.00403279904276, 0.00412812037393, 0.0109093096107, 0.00553498370573, 0.00211678515188, 0.00786222610623, 0.00739181926474, 0.00375677272677, 0.00151297007687, 0.00203613797203, 0.000164565950399, 4.17252049374e-05, 4.00358803745e-05, 1.45683145547e-06, 3.52219302613e-08]
        mean: [1.3499656859e-07, 3.53201467078e-05, 0.000126453247503, 0.000202553288545, 0.000432334316429, 0.000438515038695, 0.000350798509317, 0.000210642814636, 0.000136564864079, 7.52241903683e-05, 4.67777063022e-05, 4.80894850625e-05, 3.45823464158e-05, 5.49801989109e-05, 6.53557435726e-05, 7.16508438927e-05, 0.000105813473056, 0.000173891923623, 0.000186722769286, 8.51008298923e-05, 4.74368862342e-05, 2.06473941944e-05, 2.65624976237e-06, 7.68769666593e-07, 4.8183983381e-07, 1.13879545793e-08, 1.894635282e-10]
        median: [2.98752809158e-08, 1.72059517354e-05, 6.2111808802e-05, 0.000100365126855, 0.000281150685623, 9.45603387663e-05, 3.55330303137e-05, 2.73282676062e-05, 2.66687711701e-05, 2.21863574552e-05, 1.56565401994e-05, 1.25454835143e-05, 7.29467683414e-06, 1.608232742e-05, 1.65914316312e-05, 2.72161341854e-05, 4.52989552286e-05, 7.71260238253e-05, 6.7709988798e-05, 3.1998322811e-05, 1.89435086213e-05, 4.83719441036e-06, 6.76533034039e-07, 1.93361813672e-07, 1.00625975108e-07, 1.97506366817e-09, 4.58640313228e-11]
        min: [1.27312413634e-16, 1.17153825737e-15, 6.41027122944e-16, 1.95114277628e-16, 1.63054827022e-15, 8.3290729643e-16, 1.14569327045e-15, 3.79577571225e-15, 3.89180256693e-15, 1.74964840827e-15, 7.88859677349e-16, 3.18087383825e-15, 3.29881618814e-15, 6.7598501971e-15, 4.59160001212e-15, 2.32981557867e-15, 2.05533899904e-14, 2.61863352725e-14, 4.19810806127e-14, 5.72448582677e-14, 3.68689928305e-14, 4.04193619221e-14, 9.41730807241e-15, 8.56876655948e-15, 5.77066436899e-15, 5.81907505478e-16, 1.32549830105e-16]
        var: [6.47623502135e-14, 3.62657126551e-09, 4.53926567445e-08, 8.18758749688e-08, 3.19463509868e-07, 1.26514567e-06, 1.55368888954e-06, 6.53373319892e-07, 4.61995000478e-07, 9.19486851103e-08, 1.89127042916e-08, 3.10685841498e-08, 1.84515958068e-08, 3.09027363699e-08, 1.03228337878e-07, 3.81443463482e-08, 2.79879639464e-08, 7.60594360827e-08, 1.3138213717e-07, 2.97935667248e-08, 7.36679606206e-09, 2.61402077761e-09, 4.25444159069e-11, 3.90903498806e-12, 1.43494352685e-12, 1.2838992954e-15, 3.5897539614e-19]
    frequency_bands:
        dmean: [1.04429730641e-07, 2.66801926045e-05, 0.000100578268757, 0.000142762844916, 0.000229900426348, 0.00023102403793, 0.000203036048333, 0.000151800195454, 9.8552343843e-05, 4.62661337224e-05, 3.02052740153e-05, 3.40950537066e-05, 2.13904640987e-05, 3.11183284794e-05, 3.75112540496e-05, 4.08053238061e-05, 5.2332328778e-05, 8.81732776179e-05, 0.000102246478491, 4.64746153739e-05, 2.33359787671e-05, 1.18454581752e-05, 1.49862989929e-06, 4.97174426073e-07, 3.38089904517e-07, 1.11580389373e-08, 2.12186684889e-10, 3.24191645751e-11]
        dmean2: [1.64137560432e-07, 4.76075911138e-05, 0.000177636058652, 0.000247971736826, 0.00038129609311, 0.000356217380613, 0.000305931549519, 0.000248170108534, 0.000157297181431, 7.42193733458e-05, 4.78811380162e-05, 5.39875836694e-05, 3.24643297063e-05, 4.66993806185e-05, 5.64253095945e-05, 6.35241594864e-05, 8.17621403257e-05, 0.000138865914778, 0.000157002272317, 7.76204251451e-05, 3.7021789467e-05, 1.87537934835e-05, 2.32417028201e-06, 7.82294648616e-07, 5.34496564342e-07, 1.91771061253e-08, 3.79676595719e-10, 6.04567923501e-11]
        dvar: [4.48715263351e-14, 4.61293803156e-09, 5.42788747282e-08, 6.08503469834e-08, 1.73199694586e-07, 3.36753288366e-07, 5.1967225545e-07, 3.0253883665e-07, 1.35749772312e-07, 1.9666325457e-08, 8.01565480657e-09, 2.10325392658e-08, 6.70609656694e-09, 9.86327020058e-09, 3.3470573868e-08, 1.78174719423e-08, 9.3823553371e-09, 3.308944585e-08, 4.79896797856e-08, 1.4228525913e-08, 2.10952277868e-09, 1.16145737472e-09, 2.02771428121e-11, 2.49262329527e-12, 1.03820164271e-12, 1.70570232726e-15, 4.72281148881e-19, 5.2194228274e-21]
        dvar2: [9.66932426055e-14, 1.30957475974e-08, 1.5566369882e-07, 1.70924664644e-07, 4.54562126606e-07, 7.17421698937e-07, 1.07046685116e-06, 6.82028883148e-07, 2.58752720583e-07, 4.46104380103e-08, 1.58628647995e-08, 4.66516709707e-08, 1.27153603202e-08, 1.96842186995e-08, 5.97444511641e-08, 3.74588644547e-08, 2.15777973267e-08, 7.19582899933e-08, 1.01874434222e-07, 3.73908832785e-08, 4.6721364555e-09, 2.5351050148e-09, 4.76774938973e-11, 6.21348719004e-12, 2.59770763927e-12, 4.78016563981e-15, 1.35794456812e-18, 1.65555902141e-20]
        max: [2.7437783956e-06, 0.000892153126188, 0.00322206830606, 0.00317927543074, 0.00887975655496, 0.0141545049846, 0.0250359736383, 0.0174177791923, 0.032076086849, 0.00838660728186, 0.0052417460829, 0.00532394694164, 0.00403279904276, 0.00412812037393, 0.0109093096107, 0.00553498370573, 0.00211678515188, 0.00786222610623, 0.00739181926474, 0.00375677272677, 0.00151297007687, 0.00203613797203, 0.000164565950399, 4.17252049374e-05, 4.00358803745e-05, 1.45683145547e-06, 3.52219302613e-08, 1.1826487567e-09]
        mean: [1.3499656859e-07, 3.53201467078e-05, 0.000126453247503, 0.000202553288545, 0.000432334316429, 0.000438515038695, 0.000350798509317, 0.000210642814636, 0.000136564864079, 7.52241903683e-05, 4.67777063022e-05, 4.80894850625e-05, 3.45823464158e-05, 5.49801989109e-05, 6.53557435726e-05, 7.16508438927e-05, 0.000105813473056, 0.000173891923623, 0.000186722769286, 8.51008298923e-05, 4.74368862342e-05, 2.06473941944e-05, 2.65624976237e-06, 7.68769666593e-07, 4.8183983381e-07, 1.13879545793e-08, 1.894635282e-10, 2.4539870136e-11]
        median: [2.98752809158e-08, 1.72059517354e-05, 6.2111808802e-05, 0.000100365126855, 0.000281150685623, 9.45603387663e-05, 3.55330303137e-05, 2.73282676062e-05, 2.66687711701e-05, 2.21863574552e-05, 1.56565401994e-05, 1.25454835143e-05, 7.29467683414e-06, 1.608232742e-05, 1.65914316312e-05, 2.72161341854e-05, 4.52989552286e-05, 7.71260238253e-05, 6.7709988798e-05, 3.1998322811e-05, 1.89435086213e-05, 4.83719441036e-06, 6.76533034039e-07, 1.93361813672e-07, 1.00625975108e-07, 1.97506366817e-09, 4.58640313228e-11, 5.11306795514e-12]
        min: [1.27312413634e-16, 1.17153825737e-15, 6.41027122944e-16, 1.95114277628e-16, 1.63054827022e-15, 8.3290729643e-16, 1.14569327045e-15, 3.79577571225e-15, 3.89180256693e-15, 1.74964840827e-15, 7.88859677349e-16, 3.18087383825e-15, 3.29881618814e-15, 6.7598501971e-15, 4.59160001212e-15, 2.32981557867e-15, 2.05533899904e-14, 2.61863352725e-14, 4.19810806127e-14, 5.72448582677e-14, 3.68689928305e-14, 4.04193619221e-14, 9.41730807241e-15, 8.56876655948e-15, 5.77066436899e-15, 5.81907505478e-16, 1.32549830105e-16, 2.04208377383e-17]
        var: [6.47623502135e-14, 3.62657126551e-09, 4.53926567445e-08, 8.18758749688e-08, 3.19463509868e-07, 1.26514567e-06, 1.55368888954e-06, 6.53373319892e-07, 4.61995000478e-07, 9.19486851103e-08, 1.89127042916e-08, 3.10685841498e-08, 1.84515958068e-08, 3.09027363699e-08, 1.03228337878e-07, 3.81443463482e-08, 2.79879639464e-08, 7.60594360827e-08, 1.3138213717e-07, 2.97935667248e-08, 7.36679606206e-09, 2.61402077761e-09, 4.25444159069e-11, 3.90903498806e-12, 1.43494352685e-12, 1.2838992954e-15, 3.5897539614e-19, 3.91300171759e-21]
    mfcc:
        mean: [-777.645080566, 122.327278137, -43.857875824, 56.6814460754, -13.8848810196, -11.7801828384, -5.2801823616, -5.41998100281, -3.86907887459, -11.4732847214, -2.79627299309, -9.9774684906, -7.11022853851]
        cov: [[5359.89013672, 719.092346191, -50.0979881287, 751.485229492, -145.822433472, 223.231063843, -185.042633057, -153.058349609, -95.5309524536, -224.938796997, 27.9353561401, -75.3088378906, -46.7406578064], [719.092346191, 1129.88415527, 259.784362793, 292.381958008, 119.939376831, 47.3011245728, 58.4939880371, -131.021057129, 8.57190704346, -86.7791900635, -57.204914093, -10.4379968643, -52.0417442322], [-50.0979881287, 259.784362793, 954.618225098, 140.50227356, 24.6446208954, 130.135253906, -14.1646127701, -62.3814659119, 0.0411085486412, -13.3200683594, -8.7876701355, -11.9375343323, 5.93792724609], [751.485229492, 292.381958008, 140.50227356, 541.120117188, 160.681762695, 71.8438262939, 12.7265472412, -19.8716125488, 3.72241854668, -64.5202789307, -73.1119842529, -29.8233585358, -1.07795512676], [-145.822433472, 119.939376831, 24.6446208954, 160.681762695, 284.045074463, 19.5729255676, 39.5530052185, 3.07096266747, 14.5134983063, 20.1497001648, -67.2662887573, -3.19563794136, -5.96877622604], [223.231063843, 47.3011245728, 130.135253906, 71.8438262939, 19.5729255676, 144.048965454, 19.3891201019, 2.08844280243, 6.174036026, -1.11180245876, 13.3578147888, -8.4143409729, 1.45909047127], [-185.042633057, 58.4939880371, -14.1646127701, 12.7265472412, 39.5530052185, 19.3891201019, 167.496353149, 54.6313247681, 6.37900495529, 14.0935735703, -32.5116577148, 13.7872943878, -8.40158653259], [-153.058349609, -131.021057129, -62.3814659119, -19.8716125488, 3.07096266747, 2.08844280243, 54.6313247681, 135.248825073, 13.9207334518, 11.4923219681, -11.1775007248, -2.49219083786, 8.41725730896], [-95.5309524536, 8.57190704346, 0.0411085486412, 3.72241854668, 14.5134983063, 6.174036026, 6.37900495529, 13.9207334518, 83.6501617432, 29.617477417, 8.65750026703, 1.77254128456, -3.53447079659], [-224.938796997, -86.7791900635, -13.3200683594, -64.5202789307, 20.1497001648, -1.11180245876, 14.0935735703, 11.4923219681, 29.617477417, 109.028617859, 24.4827136993, 2.53619027138, -4.33586406708], [27.9353561401, -57.204914093, -8.7876701355, -73.1119842529, -67.2662887573, 13.3578147888, -32.5116577148, -11.1775007248, 8.65750026703, 24.4827136993, 124.721595764, 18.5170841217, 2.33457779884], [-75.3088378906, -10.4379968643, -11.9375343323, -29.8233585358, -3.19563794136, -8.4143409729, 13.7872943878, -2.49219083786, 1.77254128456, 2.53619027138, 18.5170841217, 68.2737731934, 19.267786026], [-46.7406578064, -52.0417442322, 5.93792724609, -1.07795512676, -5.96877622604, 1.45909047127, -8.40158653259, 8.41725730896, -3.53447079659, -4.33586406708, 2.33457779884, 19.267786026, 68.3330459595]]
        icov: [[0.000347093300661, -0.000173148364411, 0.000210117810639, -0.000524465693161, 0.0004736269766, -0.000544231967069, 0.000431820488302, 6.8647605076e-06, 0.000352050265064, 7.1348847996e-05, -6.18445483269e-05, -2.3746950319e-05, 0.000215799926082], [-0.000173148364411, 0.00151056493632, -0.000347107765265, -0.000185055352631, -0.000505004776642, 0.000427492399467, -0.00119464017916, 0.00151189905591, -0.000781311187893, 0.00103902444243, -6.20683204033e-05, 2.68739095191e-05, 0.000692940084264], [0.000210117810639, -0.000347107765265, 0.00143140938599, -0.0004140115052, 0.000449754355941, -0.00147128896788, 0.000516791420523, 0.000326957408106, 0.000287129980279, -0.000252771133091, 0.00025259173708, -2.59680055024e-05, -0.00016007492377], [-0.000524465693161, -0.000185055352631, -0.0004140115052, 0.00376985431649, -0.00213120062836, -0.000238263921347, -0.000348704837961, -0.000118774696602, -0.000953030365054, 0.0014582836302, 0.000643875449896, 0.00094263110077, -0.000858097686432], [0.0004736269766, -0.000505004776642, 0.000449754355941, -0.00213120062836, 0.00588793028146, -0.00109763001092, 0.000425493635703, -3.50108421117e-05, 0.000356414122507, -0.00237893476151, 0.002439660253, -0.00109267712105, 0.000553261546884], [-0.000544231967069, 0.000427492399467, -0.00147128896788, -0.000238263921347, -0.00109763001092, 0.00993114430457, -0.00234128138982, -0.000136336340802, -0.000900993763935, 0.000229757570196, -0.00241750851274, 0.00167524290737, -0.000923393468838], [0.000431820488302, -0.00119464017916, 0.000516791420523, -0.000348704837961, 0.000425493635703, -0.00234128138982, 0.00942572113127, -0.00420949887484, 0.00125044665765, -0.00182335684076, 0.00246715499088, -0.00325943110511, 0.00188346963841], [6.8647605076e-06, 0.00151189905591, 0.000326957408106, -0.000118774696602, -3.50108421117e-05, -0.000136336340802, -0.00420949887484, 0.0109672257677, -0.00210330053233, 0.00100588880014, 0.000232637656154, 0.00179772707634, -0.00130260863807], [0.000352050265064, -0.000781311187893, 0.000287129980279, -0.000953030365054, 0.000356414122507, -0.000900993763935, 0.00125044665765, -0.00210330053233, 0.0143186748028, -0.00413808738813, -0.000628328474704, -0.00079194601858, 0.000791804457549], [7.1348847996e-05, 0.00103902444243, -0.000252771133091, 0.0014582836302, -0.00237893476151, 0.000229757570196, -0.00182335684076, 0.00100588880014, -0.00413808738813, 0.0133290002123, -0.00294081866741, 0.00137328659184, 0.000669253291562], [-6.18445483269e-05, -6.20683204033e-05, 0.00025259173708, 0.000643875449896, 0.002439660253, -0.00241750851274, 0.00246715499088, 0.000232637656154, -0.000628328474704, -0.00294081866741, 0.0117979040369, -0.003746149363, 0.000872161763255], [-2.3746950319e-05, 2.68739095191e-05, -2.59680055024e-05, 0.00094263110077, -0.00109267712105, 0.00167524290737, -0.00325943110511, 0.00179772707634, -0.00079194601858, 0.00137328659184, -0.003746149363, 0.0185286439955, -0.00578239513561], [0.000215799926082, 0.000692940084264, -0.00016007492377, -0.000858097686432, 0.000553261546884, -0.000923393468838, 0.00188346963841, -0.00130260863807, 0.000791804457549, 0.000669253291562, 0.000872161763255, -0.00578239513561, 0.017454078421]]
    sccoeffs:
        dmean: [0.0506001152098, 0.0480031818151, 0.0371852852404, 0.0302775129676, 0.0229675974697, 0.0208046007901]
        dmean2: [0.0850770249963, 0.0772970542312, 0.0607334524393, 0.0481662377715, 0.0363239385188, 0.0324848145247]
        dvar: [0.00186270615086, 0.00167770578992, 0.000900904415175, 0.000640778103843, 0.000400505668949, 0.00045439726091]
        dvar2: [0.00513089587912, 0.00397393479943, 0.00227732025087, 0.00150010385551, 0.000910720962565, 0.00105088355485]
        max: [-0.326054602861, -0.371448546648, -0.373652249575, -0.512885928154, -0.562204122543, -0.554246783257]
        mean: [-0.655769348145, -0.740683615208, -0.788198173046, -0.792430281639, -0.789161622524, -0.752766668797]
        median: [-0.660140991211, -0.761328041553, -0.794629812241, -0.800025820732, -0.79230761528, -0.756741523743]
        min: [-0.949990212917, -0.933402657509, -0.953217923641, -0.950286388397, -0.943737268448, -0.925752699375]
        var: [0.00664554862306, 0.00889466144145, 0.00338610936888, 0.00335934525356, 0.00216993782669, 0.00218779779971]
    scvalleys:
        dmean: [0.377472192049, 0.380385577679, 0.339350819588, 0.297105580568, 0.253760546446, 0.297233253717]
        dmean2: [0.625527858734, 0.634824931622, 0.554363906384, 0.477494269609, 0.402518123388, 0.427922308445]
        dvar: [0.113944493234, 0.138962060213, 0.112044982612, 0.0968345105648, 0.0985015183687, 0.162732288241]
        dvar2: [0.281262874603, 0.356714099646, 0.272251099348, 0.225010097027, 0.232480749488, 0.352066487074]
        max: [-5.13144636154, -3.95531201363, -5.10142993927, -5.81871700287, -6.13153171539, -7.80199289322]
        mean: [-7.35036468506, -6.99825763702, -7.57847738266, -7.9838347435, -7.81878232956, -10.6487865448]
        median: [-6.87209320068, -6.89802742004, -7.55477809906, -7.92173242569, -7.73298740387, -10.6544799805]
        min: [-18.5691547394, -18.8179988861, -18.4770965576, -18.3842697144, -17.8118419647, -18.9596328735]
        var: [1.87739038467, 0.687477767467, 0.471067845821, 0.478622585535, 0.54263395071, 0.725101470947]

rhythm:
    beats_loudness:
        dmean: 0.00212503084913
        dmean2: 0.00359892915003
        dvar: 9.09067875909e-06
        dvar2: 2.34344424825e-05
        max: 0.0338091850281
        mean: 0.00328405993059
        median: 0.00244650361128
        min: 9.1063589025e-07
        var: 1.17553890959e-05
    bpm: 150.795333862
    bpm_confidence: 0
    first_peak_bpm: 152
    first_peak_spread: 0.377682447433
    first_peak_weight: 0.444785267115
    onset_rate: 3.44559407234
    second_peak_bpm: 144
    second_peak_spread: 0.32989692688
    second_peak_weight: 0.0996932536364
    beats_loudness_band_ratio:
        dmean: [0.157843738794, 0.147893816233, 0.12462605536, 0.0659671872854, 0.0958483144641, 0.101211756468]
        dmean2: [0.279758989811, 0.254844158888, 0.215157568455, 0.118892170489, 0.164789885283, 0.178878486156]
        dvar: [0.0192837696522, 0.0171564314514, 0.0213320702314, 0.00526717538014, 0.00655558006838, 0.013576622121]
        dvar2: [0.0591703131795, 0.0469169691205, 0.0582255572081, 0.0158515535295, 0.0189602822065, 0.0388149544597]
        max: [0.74243324995, 0.867981314659, 0.905207693577, 0.52371776104, 0.846121907234, 0.906101763248]
        mean: [0.2049074471, 0.272598803043, 0.166221946478, 0.0824343860149, 0.190526723862, 0.157566383481]
        median: [0.166518524289, 0.239532962441, 0.097489066422, 0.0609917603433, 0.144783988595, 0.114338867366]
        min: [2.48808973993e-05, 0.000289628340397, 0.00456880498677, 0.00331503897905, 0.00151204946451, 0.00398460682482]
        var: [0.0264635067433, 0.0320016741753, 0.0282151829451, 0.00591868534684, 0.0213008727878, 0.018370045349]
    beats_position: [0.429569154978, 0.882358253002, 1.30031740665, 1.71827661991, 2.13623571396, 2.55419492722, 2.96054410934, 3.36689329147, 3.7732424736, 4.1679816246, 4.57433080673, 4.96907043457, 5.36380958557, 5.7701587677, 6.1648979187, 6.57124710083, 6.96598625183, 7.36072540283, 7.75546455383, 8.15020370483, 8.54494285583, 8.93968200684, 9.32281208038, 9.72916126251, 10.1239004135, 10.5186395645, 10.9133787155, 11.3081178665, 11.7028570175, 12.0859861374, 12.4691152573, 12.8522443771, 13.2469835281, 13.6533327103, 14.0480718613, 14.4660310745, 14.8839902878, 15.2903394699, 15.696688652, 16.1030387878, 16.4861679077, 16.8809070587, 17.2756462097, 17.6703853607, 18.0651245117, 18.4598636627, 18.8546028137, 19.2377319336, 19.6208610535, 20.0156002045, 20.4103393555, 20.7934684753, 21.1765975952, 21.5713367462, 21.9660758972, 22.3608150482, 22.7555541992, 23.1502952576, 23.5450344086, 23.9397735596, 24.3345127106, 24.7292518616, 25.1239910126, 25.5187301636, 25.9134693146, 26.3082084656, 26.7029476166, 27.0976867676, 27.4924259186, 27.8871650696, 28.2819042206, 28.6766433716, 29.0713825226, 29.4661216736, 29.8608608246, 30.2555999756, 30.6503391266, 31.0450782776, 31.4398174286, 31.8345565796, 32.2292976379, 32.6240348816, 33.0187759399, 33.4019050598, 33.7850341797, 34.1797714233, 34.5745124817, 34.9692497253, 35.3523788452, 35.7471199036, 36.1302490234, 36.5249862671, 36.9197273254, 37.3144645691, 37.7092056274, 38.1039466858, 38.4986839294, 38.8934249878, 39.2881622314, 39.6712913513, 40.0544204712, 40.4607696533, 40.8671188354, 41.2850799561, 41.6914291382, 42.0977783203, 42.5041275024, 42.9104766846, 43.3168258667, 43.7231750488, 44.129524231, 44.5358734131, 44.9306106567, 45.3253517151, 45.7317008972, 46.1380500793, 46.532787323, 46.9391365051, 47.3454856873, 47.7518348694, 48.1465759277, 48.5529251099, 48.959274292, 49.3656234741, 49.7603607178, 50.1667098999, 50.573059082, 50.9678001404, 51.3741493225, 51.7804985046, 52.1752357483, 52.5699768066, 52.9763259888, 53.3710632324, 53.7774124146, 54.1721534729, 54.5668907166, 54.9616317749, 55.367980957, 55.7743301392, 56.1690673828, 56.5754165649, 56.9817695618, 57.3881187439, 57.794467926, 58.1892051697, 58.5955543518, 59.0019035339, 59.3966445923, 59.7913818359, 60.1977310181, 60.6040802002, 60.9988212585, 61.3935585022, 61.7882995605, 62.1946487427, 62.6009979248, 63.0189552307, 63.4369163513, 63.8548736572, 64.2844467163, 64.714012146, 65.1435852051, 65.6660308838, 66.1884765625, 66.7109298706, 67.2217712402, 67.7442169189, 68.2550582886, 68.6614074707, 69.0677566528, 69.4624938965, 69.8572311401, 70.2635803223, 70.6583175659, 71.053062439, 71.4594116211, 71.8657608032, 72.2604980469, 72.6552352905, 73.0731964111, 73.4911575317, 73.8858947754, 74.280632019, 74.6753692627, 75.0701141357, 75.4648513794, 75.8712005615, 76.2775497437, 76.6838989258, 77.0786361694, 77.4849853516, 77.8913345337, 78.2976837158, 78.7040328979, 79.1219940186, 79.5399551392, 79.9463043213, 80.3642578125, 80.7822189331, 81.1885681152, 81.6065292358, 82.0360946655, 82.4540557861, 82.8720169067, 83.3248062134, 83.77759552, 84.2303848267, 84.6831741333, 85.112739563, 85.5423126221, 85.9602737427, 86.3898391724, 86.8194122314, 87.2605895996, 87.6901550293, 88.1197280884, 88.5609054565, 89.0020828247, 89.4316558838, 89.8612213135, 90.2791824341, 90.6971435547, 91.1267089844, 91.5562820435, 91.9858474731, 92.4154205322, 92.8333740234, 93.251335144, 93.6692962646, 94.0872573853, 94.5052108765, 94.9231719971, 95.3411331177, 95.7590942383, 96.1770477295, 96.5950088501, 97.0013580322, 97.3960952759, 97.802444458, 98.2204055786, 98.6383666992, 99.0331039429, 99.439453125, 99.8458023071, 100.252151489, 100.658500671, 101.053237915, 101.459587097, 101.85433197, 102.260681152, 102.667030334, 103.073379517, 103.46811676, 103.862854004, 104.257591248, 104.675552368, 105.070289612, 105.465034485, 105.871383667, 106.277732849, 106.672470093, 107.067207336, 107.473556519, 107.879905701, 108.274642944, 108.669387817, 109.064125061, 109.458862305, 109.853607178, 110.248344421, 110.654693604, 111.061042786, 111.455780029, 111.850517273, 112.245262146, 112.63999939, 113.046348572, 113.452697754, 113.847434998, 114.242172241, 114.636917114, 115.031654358, 115.43800354, 115.844352722, 116.227478027, 116.6222229, 117.016960144, 117.411697388, 117.806434631, 118.201179504, 118.595916748, 119.00226593, 119.397003174, 119.791740417, 120.186485291, 120.581222534, 120.987571716, 121.393920898, 121.788658142, 122.183395386, 122.578140259, 122.972877502, 123.367614746, 123.762359619, 124.157096863, 124.551834106, 124.94657135, 125.352920532, 125.770881653, 126.165618896, 126.548751831, 126.943489075, 127.338226318, 127.732971191, 128.116104126, 128.499221802, 128.893966675, 129.288711548, 129.683441162, 130.078186035, 130.46131897, 130.844436646, 131.250793457, 131.65713501, 132.051879883, 132.446624756, 132.84135437, 133.236099243, 133.642440796, 134.048797607, 134.44354248, 134.838272095, 135.233016968, 135.616149902, 135.999267578, 136.394012451, 136.788757324, 137.183486938, 137.58984375, 137.996185303, 138.390930176, 138.797271729, 139.20362854, 139.598358154, 139.993103027, 140.3878479, 140.782577515, 141.177322388, 141.572067261, 141.966796875, 142.361541748, 142.756271362, 143.139404297, 143.522537231, 143.917282104, 144.323623657, 144.729980469, 145.124710083, 145.519454956, 145.914199829, 146.308929443, 146.703674316, 147.098403931, 147.493148804, 147.887893677, 148.282623291, 148.677368164, 149.072113037, 149.466842651, 149.861587524, 150.256317139, 150.651062012, 151.045806885, 151.440536499, 151.835281372, 152.230026245, 152.624755859, 153.019500732, 153.414230347, 153.80897522, 154.203720093, 154.598449707, 154.99319458, 155.387939453, 155.782669067, 156.17741394, 156.572158813, 156.978500366, 157.384857178, 157.779586792, 158.174331665, 158.580673218, 158.987030029, 159.404983521, 159.822952271, 160.240905762, 160.647247314, 161.053604126, 161.448348999, 161.843078613, 162.272644043, 162.702224731, 163.120178223, 163.538131714, 163.956100464, 164.374053955, 164.803619385, 165.221588135, 165.627929688, 166.045898438, 166.487075806, 166.916641235, 167.346206665, 167.752563477, 168.158905029, 168.542037964, 168.948379517, 169.354736328, 169.761077881, 170.155822754, 170.550567627, 170.95690918, 171.351654053, 171.757995605, 172.164352417, 172.57069397, 172.977050781, 173.383392334, 173.778137207, 174.17288208, 174.567611694, 174.973968506, 175.380310059, 175.78666687, 176.193008423, 176.599365234, 177.005706787, 177.423675537, 177.841629028, 178.32925415, 178.816864014, 179.281265259, 179.745666504, 180.210067749, 180.674468994, 181.138870239, 181.580047607, 181.998001099, 182.427566528, 182.868743896, 183.309921265, 183.739501953, 184.169067383, 184.610244751, 185.039810181, 185.492599487, 185.922180176, 186.340133667, 186.769699097, 187.199264526, 187.640457153, 188.070022583, 188.487976074, 188.894332886, 189.312286377, 189.718643188, 190.124984741, 190.542938232, 190.960906982, 191.378860474, 191.796829224, 192.203170776, 192.621124268, 193.027481079, 193.433822632, 193.840179443, 194.246520996, 194.652877808, 195.05921936, 195.465576172, 195.871917725, 196.278274536, 196.684616089, 197.0909729, 197.497314453, 197.903671265, 198.310012817, 198.716369629, 199.122711182, 199.529067993, 199.947021484, 200.353378296, 200.759719849, 201.154464722, 201.560806274, 201.967163086, 202.361907959, 202.756637573, 203.162994385, 203.569335938, 203.964080811, 204.370422363, 204.776779175, 205.171508789, 205.566253662, 205.984207153, 206.402175903, 206.820129395, 207.226486206, 207.632827759, 208.03918457, 208.445526123, 208.851882935, 209.258224487, 209.664581299, 210.070922852, 210.465667725, 210.860397339, 211.26675415, 211.673095703, 212.079452515, 212.485794067, 212.892150879, 213.298492432, 213.693237305, 214.087982178, 214.49432373, 214.900680542, 215.307022095, 215.713378906, 216.108108521, 216.491241455, 216.87437439, 217.280715942, 217.675460815, 218.081817627, 218.476547241, 218.871292114, 219.277633667, 219.683990479, 220.10194397, 220.496688843, 220.891418457, 221.28616333, 221.692520142, 222.087249756, 222.493606567, 222.888336182, 223.283081055, 223.677825928, 224.072555542, 224.467300415, 224.862030029, 225.256774902, 225.651519775, 226.04624939, 226.440994263, 226.835739136, 227.23046875, 227.625213623, 228.008346558, 228.403076172, 228.797821045, 229.204162598, 229.598907471, 229.993652344, 230.388381958, 230.783126831, 231.177871704, 231.572601318, 231.967346191, 232.362075806, 232.768432617, 233.17477417, 233.569519043, 233.964263916, 234.35899353, 234.753738403, 235.148483276, 235.543212891, 235.937957764, 236.332687378, 236.727432251, 237.122177124, 237.516906738, 237.911651611, 238.294784546, 238.677902222, 239.072647095, 239.467391968, 239.862121582, 240.256866455, 240.651611328, 241.046340942, 241.441085815, 241.835830688, 242.230560303, 242.625305176, 243.02003479, 243.414779663, 243.809524536, 244.20425415, 244.598999023, 244.993743896, 245.376861572, 245.759994507, 246.15473938, 246.549468994, 246.944213867, 247.33895874, 247.733688354, 248.128433228, 248.511566162, 248.894683838, 249.289428711, 249.684173584, 250.078903198, 250.473648071, 250.879989624, 251.297958374, 251.715911865, 252.133865356, 252.551834106, 252.981399536, 253.410964966, 253.840545654, 254.38621521, 254.931884766, 255.465942383, 256, 256.534057617, 257.079711914, 257.625396729, 258.171051025, 258.821228027, 259.459777832, 260.15637207, 260.852966309, 261.549560547, 262.246154785, 262.942749023, 263.639373779, 264.335968018, 265.032562256, 265.717559814, 266.402526855, 267.099121094, 267.79574585, 268.492340088, 269.188934326, 269.885528564, 270.582122803]
