
metadata:
    version:
        essentia: "2.0.1"
    audio_properties:
        analysis_sample_rate: 44100
        bitrate: 320
        channels: 2
        equal_loudness: 1
        length: 158.303100586
        replay_gain: -15.6152076721
        downmix: "mix"
    tags:
        track: 1
        year: 2013
        album: "Hi - Single"
        artist: "Vybz Kartel"
        comment: ""
        genre: "Dancehall"
        title: "Hi"

configuration:
    average_loudness:
        compute: 1
        frameSize: 88200
        hopSize: 44100
        silentFrames: "noise"
        windowType: "hann"
    general:
        analysisSampleRate: 44100
        endTime: 2000
        equalLoudness: 1
        nequalLoudness: 0
        shortSound: 0
        startTime: 0
    lowlevel:
        compute: 1
        frameSize: 2048
        hopSize: 1024
        zeroPadding: 0
        silentFrames: "noise"
        windowType: "blackmanharris62"
        mfccStats: ["mean", "cov", "icov"]
        stats: ["mean", "var", "median", "min", "max", "dmean", "dmean2", "dvar", "dvar2"]
    panning:
        compute: 0
        frameSize: 8192
        hopSize: 2048
        zeroPadding: 8192
        silentFrames: "noise"
        windowType: "hann"
        stats: ["copy"]
    rhythm:
        compute: 1
        maxTempo: 208
        minTempo: 40
        method: "degara"
        stats: ["mean", "var", "median", "min", "max", "dmean", "dmean2", "dvar", "dvar2"]
    segmentation:
        compute: 0
        cpw: 5
        inc1: 300
        inc2: 50
        minimumSegmentsLength: 10
        size1: 1000
        size2: 600
    sfx:
        compute: 1
        stats: ["mean", "var", "median", "min", "max", "dmean", "dmean2", "dvar", "dvar2"]
    svm:
        compute: 0
    tonal:
        compute: 1
        frameSize: 4096
        hopSize: 2048
        zeroPadding: 0
        silentFrames: "noise"
        windowType: "blackmanharris62"
        stats: ["mean", "var", "median", "min", "max", "dmean", "dmean2", "dvar", "dvar2"]

lowlevel:
    average_loudness: 0.950371384621
    barkbands_kurtosis:
        dmean: 1.84034490585
        dmean2: 2.84168434143
        dvar: 12.5018072128
        dvar2: 24.4829750061
        max: 59.8375778198
        mean: 0.817172348499
        median: -0.478271007538
        min: -1.92507398129
        var: 20.5795154572
    barkbands_skewness:
        dmean: 0.685053646564
        dmean2: 0.99740922451
        dvar: 0.496221154928
        dvar2: 0.968050539494
        max: 4.3508644104
        mean: -0.456533908844
        median: -0.373965442181
        min: -6.95900392532
        var: 1.44545912743
    barkbands_spread:
        dmean: 7.68803071976
        dmean2: 12.0111122131
        dvar: 63.834438324
        dvar2: 151.99307251
        max: 89.0611114502
        mean: 26.0750045776
        median: 24.2284965515
        min: 1.82954955101
        var: 154.971313477
    dissonance:
        dmean: 0.0199032239616
        dmean2: 0.0325981527567
        dvar: 0.000518045853823
        dvar2: 0.00127992068883
        max: 0.5
        mean: 0.468971967697
        median: 0.478452473879
        min: 0.238190293312
        var: 0.000936282682233
    hfc:
        dmean: 4.84757852554
        dmean2: 6.664955616
        dvar: 50.5641136169
        dvar2: 96.2411193848
        max: 83.0092926025
        mean: 8.70449542999
        median: 5.48478841782
        min: 1.1689067907e-16
        var: 112.01146698
    pitch:
        dmean: 912.08782959
        dmean2: 1713.13586426
        dvar: 1919549.375
        dvar2: 4149440.25
        max: 6565.92236328
        mean: 1437.58618164
        median: 340.478515625
        min: 73.0002975464
        var: 2634317.75
    pitch_instantaneous_confidence:
        dmean: 0.129572212696
        dmean2: 0.19371715188
        dvar: 0.0135190654546
        dvar2: 0.0252489801496
        max: 0.968402504921
        mean: 0.534143686295
        median: 0.537159204483
        min: 0.137500882149
        var: 0.042207300663
    pitch_salience:
        dmean: 0.0758881270885
        dmean2: 0.121006295085
        dvar: 0.00425714300945
        dvar2: 0.0103703783825
        max: 0.884198606014
        mean: 0.648795902729
        median: 0.658869504929
        min: 0.239814952016
        var: 0.0108682094142
    silence_rate_20dB:
        dmean: 0
        dmean2: 0
        dvar: 0
        dvar2: 0
        max: 1
        mean: 1
        median: 1
        min: 1
        var: 0
    silence_rate_30dB:
        dmean: 0
        dmean2: 0
        dvar: 0
        dvar2: 0
        max: 1
        mean: 1
        median: 1
        min: 1
        var: 0
    silence_rate_60dB:
        dmean: 0.174537986517
        dmean2: 0.349127173424
        dvar: 0.144070848823
        dvar2: 0.248077645898
        max: 1
        mean: 0.551693797112
        median: 1
        min: 0
        var: 0.2473128438
    spectral_centroid:
        dmean: 529.449157715
        dmean2: 783.34942627
        dvar: 387135.15625
        dvar2: 746696.1875
        max: 10533.1777344
        mean: 2237.57055664
        median: 2186.24731445
        min: 372.472808838
        var: 920309
    spectral_complexity:
        dmean: 4.27134037018
        dmean2: 6.06102371216
        dvar: 33.2902946472
        dvar2: 53.9753379822
        max: 48
        mean: 8.53834915161
        median: 7
        min: 0
        var: 78.5617904663
    spectral_crest:
        dmean: 2.89525914192
        dmean2: 4.59312963486
        dvar: 6.87134218216
        dvar2: 14.9823598862
        max: 25.2376327515
        mean: 8.95511245728
        median: 8.08278274536
        min: 2.15469694138
        var: 16.5343456268
    spectral_decrease:
        dmean: 3.18203491334e-10
        dmean2: 4.31256752531e-10
        dvar: 1.51342102246e-19
        dvar2: 2.79712856044e-19
        max: -7.83160032215e-29
        mean: -6.75495492874e-10
        median: -5.57475010599e-10
        min: -4.414461241e-09
        var: 4.10174282991e-19
    spectral_energy:
        dmean: 0.00161148805637
        dmean2: 0.00218340335414
        dvar: 4.2356045924e-06
        dvar2: 7.87593216955e-06
        max: 0.0241903811693
        mean: 0.003338993527
        median: 0.00261188391596
        min: 1.08979147389e-20
        var: 1.09983957373e-05
    spectral_energyband_high:
        dmean: 0.00031532504363
        dmean2: 0.000436849280959
        dvar: 4.02512142728e-07
        dvar2: 7.12109454071e-07
        max: 0.00639281235635
        mean: 0.000420553318691
        median: 0.000120267766761
        min: 7.73959860409e-21
        var: 6.39858740215e-07
    spectral_energyband_low:
        dmean: 2.90858097287e-05
        dmean2: 4.86625358462e-05
        dvar: 6.47750253435e-09
        dvar2: 1.78411116991e-08
        max: 0.00089134456357
        mean: 4.6303099225e-05
        median: 2.78294337477e-05
        min: 7.59175564487e-23
        var: 5.22387288981e-09
    spectral_energyband_middle_high:
        dmean: 0.00120244547725
        dmean2: 0.00166756997351
        dvar: 2.62949060925e-06
        dvar2: 4.95249014421e-06
        max: 0.0235154237598
        mean: 0.0022479754407
        median: 0.00148570199963
        min: 1.61597770208e-21
        var: 6.62031334286e-06
    spectral_energyband_middle_low:
        dmean: 0.000447233760497
        dmean2: 0.000706607010216
        dvar: 4.48230622396e-07
        dvar2: 1.03157049125e-06
        max: 0.00619589956477
        mean: 0.000660241930746
        median: 0.000332271010848
        min: 3.91010784763e-22
        var: 6.58071655835e-07
    spectral_flatness_db:
        dmean: 0.0272160414606
        dmean2: 0.040066536516
        dvar: 0.000669701606967
        dvar2: 0.001216627541
        max: 0.346054077148
        mean: 0.157548651099
        median: 0.153571307659
        min: 0.0385251827538
        var: 0.00227020774037
    spectral_flux:
        dmean: 0.0134112555534
        dmean2: 0.020296022296
        dvar: 0.000199911140953
        dvar2: 0.000418003764935
        max: 0.15494376421
        mean: 0.0403139665723
        median: 0.0405157580972
        min: 1.04393077516e-10
        var: 0.000608030881267
    spectral_kurtosis:
        dmean: 1.62831163406
        dmean2: 2.60731267929
        dvar: 2.99464941025
        dvar2: 7.55127096176
        max: 22.9492168427
        mean: 3.67551469803
        median: 3.34451055527
        min: -1.20868325233
        var: 6.38828372955
    spectral_rms:
        dmean: 0.000440824631369
        dmean2: 0.000579253886826
        dvar: 2.35791532077e-07
        dvar2: 3.71495303852e-07
        max: 0.00485802162439
        mean: 0.00154662027489
        median: 0.00159630179405
        min: 3.26069184674e-12
        var: 8.65517449711e-07
    spectral_rolloff:
        dmean: 644.293884277
        dmean2: 1021.62182617
        dvar: 864451.6875
        dvar2: 1702938
        max: 18669.2871094
        mean: 3678.18994141
        median: 3574.51171875
        min: 279.931640625
        var: 1608088.75
    spectral_skewness:
        dmean: 0.272970318794
        dmean2: 0.423832386732
        dvar: 0.0789784565568
        dvar2: 0.175650119781
        max: 3.71329140663
        mean: 1.30376410484
        median: 1.29581475258
        min: -0.340656399727
        var: 0.193231627345
    spectral_spread:
        dmean: 1017972.375
        dmean2: 1482063.75
        dvar: 1.7411103785e+12
        dvar2: 3.13407648563e+12
        max: 40573836
        mean: 5131891
        median: 4579528.5
        min: 2323688.5
        var: 4.99838196122e+12
    spectral_strongpeak:
        dmean: 0.922072649002
        dmean2: 1.49978411198
        dvar: 1.72322821617
        dvar2: 4.00006914139
        max: 17.5402698517
        mean: 1.1771364212
        median: 0.549594223499
        min: 0
        var: 2.6561152935
    zerocrossingrate:
        dmean: 0.0181987527758
        dmean2: 0.0201026182622
        dvar: 0.000319804967148
        dvar2: 0.000385779305361
        max: 0.48486328125
        mean: 0.117498770356
        median: 0.11572265625
        min: 0.02490234375
        var: 0.00151754333638
    barkbands:
        dmean: [8.58298562889e-07, 1.57588146976e-05, 1.07379191832e-05, 1.68838814716e-05, 4.15683862229e-05, 7.18339942978e-05, 0.000169407649082, 0.000116044699098, 0.000187218538485, 8.84296823642e-05, 5.90275558352e-05, 6.55928088236e-05, 7.58489550208e-05, 0.000104423474113, 0.000106839303044, 6.59480137983e-05, 0.000100172466773, 0.000116679002531, 0.00072016089689, 0.000282578635961, 0.000136791670229, 5.7866993302e-05, 2.80349449895e-05, 1.22690189528e-05, 3.48803587258e-06, 1.57769633802e-07, 5.95356319799e-10]
        dmean2: [1.07716653019e-06, 2.50194461842e-05, 1.99532005354e-05, 3.01377986034e-05, 6.78065116517e-05, 0.000119734475447, 0.000272120989393, 0.000191486702533, 0.000305520312395, 0.000133693582029, 9.26382708712e-05, 0.000102848847746, 0.000116445247841, 0.000161765521625, 0.000147389509948, 0.000100984791061, 0.000157337795827, 0.000182724543265, 0.00104023364838, 0.000414942856878, 0.000189443206182, 7.92256323621e-05, 4.16627080995e-05, 1.80041151907e-05, 4.96701704833e-06, 2.38477639414e-07, 9.35143629199e-10]
        dvar: [2.59049227382e-12, 1.36787881022e-09, 1.54023893639e-09, 2.24630936074e-09, 8.77351169493e-09, 2.95385724769e-08, 1.43644641071e-07, 1.15765388387e-07, 1.63326006941e-07, 4.75021053603e-08, 2.65547583922e-08, 2.44371758384e-08, 2.77902199031e-08, 4.54246951165e-08, 7.92001486616e-08, 1.18926939408e-08, 2.86607129141e-08, 4.62176323879e-08, 1.6679575765e-06, 3.29748786498e-07, 9.28821961566e-08, 1.2232485247e-08, 5.77026115778e-09, 1.07839503993e-09, 5.21815403387e-11, 1.65804558126e-13, 2.64213006139e-18]
        dvar2: [3.89361199532e-12, 3.80341447226e-09, 4.47401582448e-09, 6.29803009744e-09, 2.07661052798e-08, 7.20853989833e-08, 3.38131087574e-07, 2.88720087838e-07, 4.03772162372e-07, 1.08382934627e-07, 6.33825507634e-08, 6.1644001903e-08, 6.28003178349e-08, 9.92478561557e-08, 1.41913631069e-07, 2.86044752329e-08, 6.88116585934e-08, 1.11721782048e-07, 3.235193617e-06, 7.11968596079e-07, 1.74446796564e-07, 2.10712300941e-08, 1.35828788217e-08, 2.18297757648e-09, 1.05209174706e-10, 3.33035953416e-13, 5.17920653063e-18]
        max: [2.41279067268e-05, 0.000467488483991, 0.000370910333004, 0.000619146972895, 0.00248104822822, 0.0023788055405, 0.00431977212429, 0.00464832596481, 0.00477061327547, 0.00454536592588, 0.00427900906652, 0.00441393814981, 0.0030784830451, 0.00333461607806, 0.00415433524176, 0.0016677621752, 0.00247540557757, 0.00372056686319, 0.022611418739, 0.0108307311311, 0.00495801446959, 0.00234131561592, 0.00092701491667, 0.000353781884769, 0.000115967901365, 1.02471049104e-05, 3.25997149275e-08]
        mean: [2.18309901356e-06, 2.90415573545e-05, 9.56795702223e-06, 1.49510433403e-05, 5.48647258256e-05, 7.0252972364e-05, 0.000187816069229, 0.000107458974526, 0.000187057696166, 0.000110567911179, 7.00216041878e-05, 8.67069029482e-05, 9.17793877306e-05, 0.000126176571939, 0.000145912024891, 8.19393608253e-05, 0.000128142317408, 0.000141149677802, 0.00104124902282, 0.000359585683327, 0.000170171668287, 7.6080665167e-05, 2.87225793727e-05, 1.33724370244e-05, 4.04884849559e-06, 1.80371372949e-07, 6.34396202237e-10]
        median: [1.16979197173e-06, 1.70850471477e-05, 2.34425624512e-06, 4.3791455937e-06, 2.5816145353e-05, 1.50498781295e-05, 3.18909660564e-05, 9.96131893771e-06, 3.59862715413e-05, 3.28745845763e-05, 1.31885044539e-05, 1.81800605787e-05, 1.98452617042e-05, 2.54417336691e-05, 2.76647806459e-05, 2.4341079552e-05, 4.55648187199e-05, 3.56559576176e-05, 0.000357253360562, 0.000100631215901, 4.20913638663e-05, 1.28921719806e-05, 2.15093609768e-06, 8.0592451468e-07, 4.03189460485e-07, 2.8108136263e-08, 1.12249140538e-10]
        min: [4.09290541027e-23, 4.91633262263e-23, 1.4403989551e-23, 2.30439128848e-24, 5.08508006768e-23, 5.24337037256e-23, 1.16854256191e-22, 3.0079272627e-23, 1.16482519689e-22, 1.22341572648e-22, 7.22361950395e-23, 1.37999615958e-22, 1.4824324618e-22, 1.45007906727e-22, 8.08250853836e-23, 1.13169177669e-22, 2.25736019017e-22, 2.46340434773e-22, 2.47162440458e-22, 3.90873788022e-22, 6.59075641071e-22, 5.85706730124e-22, 5.26697662495e-22, 7.64137827747e-22, 1.07304207623e-21, 1.68780488852e-21, 2.3286313622e-21]
        var: [8.40599291563e-12, 1.45364420501e-09, 8.86261397604e-10, 1.47711121112e-09, 1.04146202773e-08, 3.08740766286e-08, 1.70526305965e-07, 1.06922215082e-07, 1.66119093592e-07, 5.86268100733e-08, 3.10481844679e-08, 2.88494952372e-08, 4.07350384535e-08, 6.87420680379e-08, 1.57460533501e-07, 1.69275118367e-08, 3.97975945532e-08, 5.63069306736e-08, 3.27329644279e-06, 4.80277492443e-07, 1.37481478646e-07, 2.14890629735e-08, 6.25739282611e-09, 1.45439416066e-09, 7.73819272548e-11, 2.77582861211e-13, 4.32632665722e-18]
    frequency_bands:
        dmean: [8.58298562889e-07, 1.57588146976e-05, 1.07379191832e-05, 1.68838814716e-05, 4.15683862229e-05, 7.18339942978e-05, 0.000169407649082, 0.000116044699098, 0.000187218538485, 8.84296823642e-05, 5.90275558352e-05, 6.55928088236e-05, 7.58489550208e-05, 0.000104423474113, 0.000106839303044, 6.59480137983e-05, 0.000100172466773, 0.000116679002531, 0.00072016089689, 0.000282578635961, 0.000136791670229, 5.7866993302e-05, 2.80349449895e-05, 1.22690189528e-05, 3.48803587258e-06, 1.57769633802e-07, 5.95356319799e-10, 4.26201261783e-11]
        dmean2: [1.07716653019e-06, 2.50194461842e-05, 1.99532005354e-05, 3.01377986034e-05, 6.78065116517e-05, 0.000119734475447, 0.000272120989393, 0.000191486702533, 0.000305520312395, 0.000133693582029, 9.26382708712e-05, 0.000102848847746, 0.000116445247841, 0.000161765521625, 0.000147389509948, 0.000100984791061, 0.000157337795827, 0.000182724543265, 0.00104023364838, 0.000414942856878, 0.000189443206182, 7.92256323621e-05, 4.16627080995e-05, 1.80041151907e-05, 4.96701704833e-06, 2.38477639414e-07, 9.35143629199e-10, 7.97102175931e-11]
        dvar: [2.59049227382e-12, 1.36787881022e-09, 1.54023893639e-09, 2.24630936074e-09, 8.77351169493e-09, 2.95385724769e-08, 1.43644641071e-07, 1.15765388387e-07, 1.63326006941e-07, 4.75021053603e-08, 2.65547583922e-08, 2.44371758384e-08, 2.77902199031e-08, 4.54246951165e-08, 7.92001486616e-08, 1.18926939408e-08, 2.86607129141e-08, 4.62176323879e-08, 1.6679575765e-06, 3.29748786498e-07, 9.28821961566e-08, 1.2232485247e-08, 5.77026115778e-09, 1.07839503993e-09, 5.21815403387e-11, 1.65804558126e-13, 2.64213006139e-18, 5.07248275419e-21]
        dvar2: [3.89361199532e-12, 3.80341447226e-09, 4.47401582448e-09, 6.29803009744e-09, 2.07661052798e-08, 7.20853989833e-08, 3.38131087574e-07, 2.88720087838e-07, 4.03772162372e-07, 1.08382934627e-07, 6.33825507634e-08, 6.1644001903e-08, 6.28003178349e-08, 9.92478561557e-08, 1.41913631069e-07, 2.86044752329e-08, 6.88116585934e-08, 1.11721782048e-07, 3.235193617e-06, 7.11968596079e-07, 1.74446796564e-07, 2.10712300941e-08, 1.35828788217e-08, 2.18297757648e-09, 1.05209174706e-10, 3.33035953416e-13, 5.17920653063e-18, 1.62898778293e-20]
        max: [2.41279067268e-05, 0.000467488483991, 0.000370910333004, 0.000619146972895, 0.00248104822822, 0.0023788055405, 0.00431977212429, 0.00464832596481, 0.00477061327547, 0.00454536592588, 0.00427900906652, 0.00441393814981, 0.0030784830451, 0.00333461607806, 0.00415433524176, 0.0016677621752, 0.00247540557757, 0.00372056686319, 0.022611418739, 0.0108307311311, 0.00495801446959, 0.00234131561592, 0.00092701491667, 0.000353781884769, 0.000115967901365, 1.02471049104e-05, 3.25997149275e-08, 9.0981761014e-10]
        mean: [2.18309901356e-06, 2.90415573545e-05, 9.56795702223e-06, 1.49510433403e-05, 5.48647258256e-05, 7.0252972364e-05, 0.000187816069229, 0.000107458974526, 0.000187057696166, 0.000110567911179, 7.00216041878e-05, 8.67069029482e-05, 9.17793877306e-05, 0.000126176571939, 0.000145912024891, 8.19393608253e-05, 0.000128142317408, 0.000141149677802, 0.00104124902282, 0.000359585683327, 0.000170171668287, 7.6080665167e-05, 2.87225793727e-05, 1.33724370244e-05, 4.04884849559e-06, 1.80371372949e-07, 6.34396202237e-10, 3.18922596665e-11]
        median: [1.16979197173e-06, 1.70850471477e-05, 2.34425624512e-06, 4.3791455937e-06, 2.5816145353e-05, 1.50498781295e-05, 3.18909660564e-05, 9.96131893771e-06, 3.59862715413e-05, 3.28745845763e-05, 1.31885044539e-05, 1.81800605787e-05, 1.98452617042e-05, 2.54417336691e-05, 2.76647806459e-05, 2.4341079552e-05, 4.55648187199e-05, 3.56559576176e-05, 0.000357253360562, 0.000100631215901, 4.20913638663e-05, 1.28921719806e-05, 2.15093609768e-06, 8.0592451468e-07, 4.03189460485e-07, 2.8108136263e-08, 1.12249140538e-10, 7.59206846696e-12]
        min: [4.09290541027e-23, 4.91633262263e-23, 1.4403989551e-23, 2.30439128848e-24, 5.08508006768e-23, 5.24337037256e-23, 1.16854256191e-22, 3.0079272627e-23, 1.16482519689e-22, 1.22341572648e-22, 7.22361950395e-23, 1.37999615958e-22, 1.4824324618e-22, 1.45007906727e-22, 8.08250853836e-23, 1.13169177669e-22, 2.25736019017e-22, 2.46340434773e-22, 2.47162440458e-22, 3.90873788022e-22, 6.59075641071e-22, 5.85706730124e-22, 5.26697662495e-22, 7.64137827747e-22, 1.07304207623e-21, 1.68780488852e-21, 2.3286313622e-21, 8.69383282587e-22]
        var: [8.40599291563e-12, 1.45364420501e-09, 8.86261397604e-10, 1.47711121112e-09, 1.04146202773e-08, 3.08740766286e-08, 1.70526305965e-07, 1.06922215082e-07, 1.66119093592e-07, 5.86268100733e-08, 3.10481844679e-08, 2.88494952372e-08, 4.07350384535e-08, 6.87420680379e-08, 1.57460533501e-07, 1.69275118367e-08, 3.97975945532e-08, 5.63069306736e-08, 3.27329644279e-06, 4.80277492443e-07, 1.37481478646e-07, 2.14890629735e-08, 6.25739282611e-09, 1.45439416066e-09, 7.73819272548e-11, 2.77582861211e-13, 4.32632665722e-18, 3.84475648978e-21]
    mfcc:
        mean: [-766.84552002, 79.4251556396, -52.7347068787, 35.9201622009, -25.1437244415, -8.6371011734, 2.66554188728, -5.89071559906, -4.47968864441, 4.35309267044, 1.20086848736, -6.56513166428, 0.863671004772]
        cov: [[8671.4375, -905.74786377, -1024.26989746, 303.475585938, -529.263061523, 84.904083252, -18.4781227112, 200.257705688, -100.597381592, 93.7531814575, 213.912918091, 71.9744949341, -30.4021148682], [-905.74786377, 1766.95654297, -378.913879395, 121.806465149, -82.823638916, -175.082550049, 180.450149536, -84.2791137695, 87.8376235962, 149.816558838, 100.877716064, -16.4827976227, 40.4312362671], [-1024.26989746, -378.913879395, 1003.82275391, 29.5549468994, 268.377624512, 165.34526062, -91.0461349487, 73.5216598511, 26.0683574677, -52.3418388367, -43.1242637634, 55.5175514221, 47.3506469727], [303.475585938, 121.806465149, 29.5549468994, 507.418121338, 79.251121521, -29.1761493683, -10.4531202316, -3.09919047356, 62.3507232666, 25.6187648773, 29.4933719635, -3.03289270401, 96.1222686768], [-529.263061523, -82.823638916, 268.377624512, 79.251121521, 448.999603271, 165.707244873, 27.350446701, 93.3210906982, 57.6569252014, 41.3813018799, -39.2397270203, 13.6136894226, 10.2954950333], [84.904083252, -175.082550049, 165.34526062, -29.1761493683, 165.707244873, 265.362426758, 85.9271621704, 85.34765625, 29.9222488403, 32.3333702087, 11.9899625778, 15.4144115448, -15.479092598], [-18.4781227112, 180.450149536, -91.0461349487, -10.4531202316, 27.350446701, 85.9271621704, 241.980895996, 93.6545562744, 40.6131706238, 64.3734893799, 60.3306427002, 19.3262233734, -10.0793399811], [200.257705688, -84.2791137695, 73.5216598511, -3.09919047356, 93.3210906982, 85.34765625, 93.6545562744, 205.357437134, 57.7748069763, 41.0752754211, 38.9935684204, 43.3226051331, 16.9899597168], [-100.597381592, 87.8376235962, 26.0683574677, 62.3507232666, 57.6569252014, 29.9222488403, 40.6131706238, 57.7748069763, 118.555671692, 54.6651420593, 22.3754901886, 18.5103797913, 21.2617778778], [93.7531814575, 149.816558838, -52.3418388367, 25.6187648773, 41.3813018799, 32.3333702087, 64.3734893799, 41.0752754211, 54.6651420593, 167.835159302, 80.1654968262, 10.7301740646, 17.3576450348], [213.912918091, 100.877716064, -43.1242637634, 29.4933719635, -39.2397270203, 11.9899625778, 60.3306427002, 38.9935684204, 22.3754901886, 80.1654968262, 151.090423584, 46.0553779602, 22.2897090912], [71.9744949341, -16.4827976227, 55.5175514221, -3.03289270401, 13.6136894226, 15.4144115448, 19.3262233734, 43.3226051331, 18.5103797913, 10.7301740646, 46.0553779602, 91.3151855469, 26.9530258179], [-30.4021148682, 40.4312362671, 47.3506469727, 96.1222686768, 10.2954950333, -15.479092598, -10.0793399811, 16.9899597168, 21.2617778778, 17.3576450348, 22.2897090912, 26.9530258179, 107.901695251]]
        icov: [[0.000219052744796, 0.000117850708193, 0.000289759598672, -0.000324878405081, 0.000351868133293, -0.000373271293938, 0.000324523425661, -0.000430568063166, 0.000340786966262, -0.000232681020861, -1.12892785182e-05, -0.000298486760585, 0.000237977117649], [0.000117850708193, 0.00093458534684, 0.000256565894233, -0.000166986996192, -1.9731996872e-05, 0.000590040406678, -0.00077192572644, 0.000556452025194, -0.000417898350861, -0.000477631547255, -0.000242253139731, 2.45576648013e-05, -0.000150928215589], [0.000289759598672, 0.000256565894233, 0.00188197894022, -0.000356094707968, -0.000182256873813, -0.00120537367184, 0.00121430598665, -0.000703623809386, 0.000237711006775, 0.000283288711216, -7.08872903488e-05, -0.000992442248389, -0.00028431424289], [-0.000324878405081, -0.000166986996192, -0.000356094707968, 0.00326414266601, -0.0013323930325, 0.00105785229243, -0.000536687148269, 0.00122456811368, -0.00188298232388, 0.00106890616007, -0.00110933522228, 0.00173039280344, -0.00274855969474], [0.000351868133293, -1.9731996872e-05, -0.000182256873813, -0.0013323930325, 0.00457162037492, -0.00255544739775, 0.000979855190963, -0.00179798342288, 0.000454190565506, -0.00188988936134, 0.0023290575482, -0.00114857766312, 0.000965597049799], [-0.000373271293938, 0.000590040406678, -0.00120537367184, 0.00105785229243, -0.00255544739775, 0.00768353138119, -0.00329782185145, 0.000702000514138, -0.0010317938868, -4.37975984369e-07, -0.000789563404396, 0.00114586972632, 0.000268063216936], [0.000324523425661, -0.00077192572644, 0.00121430598665, -0.000536687148269, 0.000979855190963, -0.00329782185145, 0.00808673445135, -0.00365269347094, 0.000564861868042, -0.000656565651298, -0.0010064606322, -0.000680455879774, 0.00146205967758], [-0.000430568063166, 0.000556452025194, -0.000703623809386, 0.00122456811368, -0.00179798342288, 0.000702000514138, -0.00365269347094, 0.00938428379595, -0.00353139545768, 0.000568802584894, -0.000913448922802, -0.00103745108936, -0.00160631118342], [0.000340786966262, -0.000417898350861, 0.000237711006775, -0.00188298232388, 0.000454190565506, -0.0010317938868, 0.000564861868042, -0.00353139545768, 0.0132008390501, -0.00376176671125, 0.00174503028393, -0.00212609954178, 0.000417719187681], [-0.000232681020861, -0.000477631547255, 0.000283288711216, 0.00106890616007, -0.00188988936134, -4.37975984369e-07, -0.000656565651298, 0.000568802584894, -0.00376176671125, 0.0109818438068, -0.00580360786989, 0.00295265763998, -0.00149777892511], [-1.12892785182e-05, -0.000242253139731, -7.08872903488e-05, -0.00110933522228, 0.0023290575482, -0.000789563404396, -0.0010064606322, -0.000913448922802, 0.00174503028393, -0.00580360786989, 0.0128607181832, -0.00581537559628, 0.000206938886549], [-0.000298486760585, 2.45576648013e-05, -0.000992442248389, 0.00173039280344, -0.00114857766312, 0.00114586972632, -0.000680455879774, -0.00103745108936, -0.00212609954178, 0.00295265763998, -0.00581537559628, 0.0166132040322, -0.00383009482175], [0.000237977117649, -0.000150928215589, -0.00028431424289, -0.00274855969474, 0.000965597049799, 0.000268063216936, 0.00146205967758, -0.00160631118342, 0.000417719187681, -0.00149777892511, 0.000206938886549, -0.00383009482175, 0.0133730042726]]
    sccoeffs:
        dmean: [0.0417357198894, 0.0599152594805, 0.0471430234611, 0.0393336676061, 0.0353609807789, 0.025940772146]
        dmean2: [0.0661476477981, 0.0935684069991, 0.0724258646369, 0.0585933737457, 0.0511946603656, 0.0381334088743]
        dvar: [0.00129067490343, 0.00278094876558, 0.00173739134334, 0.00117083534133, 0.00112756108865, 0.000608232745435]
        dvar2: [0.00311060366221, 0.00584795791656, 0.0033853163477, 0.00223129987717, 0.00192137795966, 0.00111297424883]
        max: [-0.370260208845, -0.407258957624, -0.510612607002, -0.525384843349, -0.525358200073, -0.59660166502]
        mean: [-0.732943952084, -0.732242643833, -0.769253790379, -0.776239156723, -0.767027020454, -0.763434648514]
        median: [-0.748862564564, -0.74398034811, -0.781861722469, -0.788792014122, -0.780481636524, -0.762920737267]
        min: [-0.961047172546, -0.958965182304, -0.949989378452, -0.962403714657, -0.962038934231, -0.957414627075]
        var: [0.00605834508315, 0.00847471505404, 0.00575462309644, 0.00454677036032, 0.00442037079483, 0.0024003055878]
    scvalleys:
        dmean: [0.397263020277, 0.459233522415, 0.436357498169, 0.44853284955, 0.488033562899, 0.599004387856]
        dmean2: [0.642390966415, 0.748322188854, 0.661790132523, 0.612664878368, 0.62660908699, 0.761618375778]
        dvar: [0.225011363626, 0.215170860291, 0.202013865113, 0.217359215021, 0.293739527464, 0.4319409132]
        dvar2: [0.467542976141, 0.482810527086, 0.3682692945, 0.360323578119, 0.449651777744, 0.737659871578]
        max: [-5.76663970947, -5.20904636383, -5.42015171051, -5.91651153564, -5.35456848145, -7.24938726425]
        mean: [-7.96204471588, -7.51961994171, -7.61726045609, -7.90200805664, -7.75618553162, -10.0324840546]
        median: [-7.49541330338, -7.36455821991, -7.50722646713, -7.78938055038, -7.58693981171, -9.99612808228]
        min: [-27.4886856079, -26.9200725555, -27.2475852966, -27.2656764984, -27.1174354553, -27.3255329132]
        var: [1.92903387547, 1.3583663702, 1.56115007401, 1.70333111286, 1.88617634773, 2.31898164749]

rhythm:
    beats_loudness:
        dmean: 0.00255396985449
        dmean2: 0.00453881639987
        dvar: 5.65116170037e-06
        dvar2: 1.65203182405e-05
        max: 0.0160554703325
        mean: 0.00470404746011
        median: 0.00454993685707
        min: 7.32954696936e-10
        var: 8.11146219348e-06
    bpm: 94.7364578247
    bpm_confidence: 0
    first_peak_bpm: 96
    first_peak_spread: 0.491525411606
    first_peak_weight: 0.483870953321
    onset_rate: 4.77564907074
    second_peak_bpm: 91
    second_peak_spread: 0.199999988079
    second_peak_weight: 0.0322580635548
    beats_loudness_band_ratio:
        dmean: [0.0478081703186, 0.0378531292081, 0.157814368606, 0.124922648072, 0.222856745124, 0.210977986455]
        dmean2: [0.0849692672491, 0.0678804591298, 0.287173628807, 0.21428963542, 0.420035272837, 0.376378595829]
        dvar: [0.0059603867121, 0.00348188332282, 0.0203888397664, 0.0127710942179, 0.0304209217429, 0.0288906283677]
        dvar2: [0.0182653348893, 0.00910750590265, 0.0596111044288, 0.0353491678834, 0.0943393483758, 0.0858365669847]
        max: [0.621397256851, 0.573135972023, 0.675447523594, 0.760491490364, 0.669272840023, 0.969424068928]
        mean: [0.0485428571701, 0.0423469133675, 0.134457364678, 0.162879884243, 0.243353158236, 0.394945055246]
        median: [0.0225835498422, 0.0166688654572, 0.0618636161089, 0.142019838095, 0.187059476972, 0.35915735364]
        min: [7.4547737313e-05, 0.000592169119045, 0.00180712505244, 0.00121899950318, 0.00992900040001, 0.0486528612673]
        var: [0.00674285367131, 0.00576270977035, 0.0223715212196, 0.0178066361696, 0.0329787693918, 0.0479389540851]
    beats_position: [0.638548731804, 1.27709746361, 1.92725622654, 2.57741498947, 3.22757363319, 3.87773227692, 4.51628112793, 5.15482997894, 5.80498838425, 6.37387752533, 6.94276618958, 7.58131504059, 8.20825386047, 8.83519268036, 9.47374153137, 10.1006803513, 10.7276191711, 11.3661680222, 12.0047159195, 12.6316547394, 13.2585935593, 13.8855323792, 14.512471199, 15.15102005, 15.7895689011, 16.4165077209, 17.0434455872, 17.6703853607, 18.2973232269, 18.9358730316, 19.5628108978, 20.2013607025, 20.8282985687, 21.4668483734, 22.0937862396, 22.7207260132, 23.3592739105, 23.9862117767, 24.6247615814, 25.2633094788, 25.8902492523, 26.5171871185, 27.1441268921, 27.7826747894, 28.409614563, 29.0365524292, 29.6751022339, 30.3136501312, 30.9521980286, 31.6023578644, 32.2292976379, 32.8562355042, 33.4831733704, 34.1101112366, 34.7370529175, 35.3639907837, 36.0025405884, 36.6294784546, 37.2680282593, 37.8949661255, 38.5335159302, 39.1604537964, 39.7989997864, 40.4259414673, 41.0528793335, 41.6798171997, 42.3067550659, 42.9453048706, 43.5838546753, 44.2107925415, 44.8377304077, 45.4646720886, 46.0916099548, 46.718547821, 47.3570976257, 47.9956436157, 48.6225852966, 49.2495231628, 49.8764610291, 50.5150108337, 51.1419487, 51.7804985046, 52.4074363708, 53.0459861755, 53.6845359802, 54.3114738464, 54.9384117126, 55.5653495789, 56.2038993835, 56.8308372498, 57.4693870544, 58.0963249207, 58.7232627869, 59.3618125916, 60.0003623962, 60.6389122009, 61.2774581909, 61.9043960571, 62.531337738, 63.1582756042, 63.7968254089, 64.4353713989, 65.0623092651, 65.6892471313, 66.316192627, 66.9431304932, 67.5816802979, 68.2202224731, 68.8587722778, 69.485710144, 70.1010437012, 70.7395935059, 71.3665313721, 72.0050811768, 72.632019043, 73.2589569092, 73.8858947754, 74.5128326416, 75.1513824463, 75.789932251, 76.4168701172, 77.0438079834, 77.6707458496, 78.2976837158, 78.924621582, 79.5631713867, 80.2017211914, 80.8402709961, 81.4672088623, 82.105758667, 82.7326965332, 83.3596343994, 83.9865722656, 84.6251220703, 85.2520599365, 85.8906097412, 86.5175476074, 87.1560974121, 87.7830352783, 88.421585083, 89.0485229492, 89.6754608154, 90.3140106201, 90.9525604248, 91.5911102295, 92.2296600342, 92.8565979004, 93.4835357666, 94.1104736328, 94.737411499, 95.3643493652, 96.0028991699, 96.6298370361, 97.2683868408, 97.895324707, 98.5338745117, 99.1724243164, 99.7877502441, 100.403083801, 101.030021667, 101.656959534, 102.2838974, 102.922447205, 103.560997009, 104.187934875, 104.82648468, 105.453422546, 106.091972351, 106.718910217, 107.345848083, 107.984397888, 108.622947693, 109.249885559, 109.888435364, 110.51537323, 111.153923035, 111.804077148, 112.454238892, 113.104400635, 113.754554749, 114.404716492, 115.066482544, 115.728248596, 116.401634216, 117.063400269, 117.725166321, 118.375328064, 119.013877869, 119.652427673, 120.27936554, 120.906303406, 121.533241272, 122.183395386, 122.810340881, 123.437278748, 124.064216614, 124.702766418, 125.329704285, 125.968254089, 126.595191956, 127.23374176, 127.860679626, 128.499221802, 129.126159668, 129.753097534, 130.3800354, 131.030197144, 131.65713501, 132.284072876, 132.911010742, 133.561172485, 134.188110352, 134.838272095, 135.488433838, 136.138595581, 136.788757324, 137.450515747, 138.112289429, 138.750839233, 139.389389038, 140.039550781, 140.666488647, 141.316635132, 141.955184937, 142.616958618, 143.267120361, 143.940490723, 144.602264404, 145.240814209, 145.879364014, 146.517913818, 147.144851685, 147.783401489, 148.421951294, 149.04888916, 149.675827026, 150.302764893, 150.941314697, 151.579864502, 152.206802368, 152.833740234, 153.460678101, 154.099227905, 154.73777771, 155.364715576, 155.991653442, 156.630203247, 157.268753052, 157.907302856]
    bpm_estimates: [93.9630737305, 92.2851486206, 92.2851486206, 92.2851715088, 92.2851715088, 93.9630508423, 93.9630508423, 92.2852020264, 93.9630508423, 95.7031173706, 95.7031173706, 93.9630508423, 95.7031173706, 95.7031173706, 93.9630508423, 93.9631958008, 95.7031173706, 95.7031173706, 95.7031173706, 95.7031173706, 93.9630508423, 93.9630508423, 95.7031173706, 95.7032623291, 95.7029724121, 95.7032623291, 93.9629135132, 95.7032623291, 93.9629135132, 95.7032623291, 93.9629135132, 95.7032623291, 95.7029724121, 93.9631958008, 95.7032623291, 93.9629135132, 93.9631958008, 95.7029724121, 95.7032623291, 95.7029724121, 93.9631958008, 95.7029724121, 95.7032623291, 93.9629135132, 93.9631958008, 93.9631958008, 92.2849960327, 95.7029724121, 95.7032623291, 95.7032623291, 95.7032623291, 95.7026824951, 95.7032623291, 93.9629135132, 95.7032623291, 93.9629135132, 95.7032623291, 93.9629135132, 95.7032623291, 93.9634780884, 95.7026824951, 95.7032623291, 95.7032623291, 95.7032623291, 93.9629135132, 93.9629135132, 95.7032623291, 95.7032623291, 95.7026824951, 95.7032623291, 95.7032623291, 93.9629135132, 93.9634780884, 95.7026824951, 95.7032623291, 95.7032623291, 93.9629135132, 95.7032623291, 93.9629135132, 95.7032623291, 93.9629135132, 93.9629135132, 95.7032623291, 95.7032623291, 95.7032623291, 93.9629135132, 95.7032623291, 93.9629135132, 95.7032623291, 95.7032623291, 93.9629135132, 93.9629135132, 93.9629135132, 93.9634780884, 95.7032623291, 95.7026824951, 95.7032623291, 93.9629135132, 93.9634780884, 95.7032623291, 95.7032623291, 95.7021026611, 95.7032623291, 93.9629135132, 93.9640350342, 93.9629135132, 95.7032623291, 97.5080871582, 93.9629135132, 95.7032623291, 93.9629135132, 95.7032623291, 95.7032623291, 95.7032623291, 95.7032623291, 93.9629135132, 93.9629135132, 95.7032623291, 95.7032623291, 95.7032623291, 95.7032623291, 95.7032623291, 93.9629135132, 93.9629135132, 93.9629135132, 95.7032623291, 93.9629135132, 95.7032623291, 95.7032623291, 95.7032623291, 93.9629135132, 95.7032623291, 93.9629135132, 95.7032623291, 93.9629135132, 95.7032623291, 93.9629135132, 95.7032623291, 95.7032623291, 93.9629135132, 93.9629135132, 93.9629135132, 93.9629135132, 95.7032623291, 95.7032623291, 95.7032623291, 95.7032623291, 95.7032623291, 93.9629135132, 95.7032623291, 93.9629135132, 95.7032623291, 93.9629135132, 93.9629135132, 97.5093002319, 97.5080871582, 95.7032623291, 95.7032623291, 95.7032623291, 93.9629135132, 93.9629135132, 95.7032623291, 93.9629135132, 95.7032623291, 93.9629135132, 95.7032623291, 95.7032623291, 93.9629135132, 93.9629135132, 95.7032623291, 93.9629135132, 95.7032623291, 93.9629135132, 92.2858123779, 92.2847290039, 92.2847290039, 92.2858123779, 92.2847290039, 92.2847290039, 93.9629135132, 93.9629135132, 95.7032623291, 95.7032623291, 95.7032623291, 92.2858123779, 95.7021026611, 95.7032623291, 95.7032623291, 93.9629135132, 95.7032623291, 93.9629135132, 95.7032623291, 93.9629135132, 95.7032623291, 93.9640350342, 95.7032623291, 95.7032623291, 95.7032623291, 92.2847290039, 95.7032623291, 95.7032623291, 95.7032623291, 92.2847290039, 95.7032623291, 92.2847290039, 92.2847290039, 92.2847290039, 92.2847290039, 93.9629135132, 93.9629135132, 92.2847290039, 95.7032623291, 92.286895752, 93.9629135132, 92.2847290039, 93.9629135132, 93.9629135132, 93.9629135132, 95.7032623291, 93.9629135132, 93.9629135132, 95.7032623291, 95.7032623291, 95.7032623291, 93.9629135132, 93.9629135132, 95.7032623291, 95.7032623291, 95.7032623291, 93.9629135132, 93.9629135132, 95.7032623291, 95.7032623291, 93.9629135132, 93.9629135132, 93.9629135132]
