
metadata:
    version:
        essentia: "2.0.1"
    audio_properties:
        analysis_sample_rate: 44100
        bitrate: 320
        channels: 2
        equal_loudness: 1
        length: 271.779022217
        replay_gain: -13.4784984589
        downmix: "mix"
    tags:
        track: 1
        year: 2013
        album: "Yay Yay"
        artist: "ScHoolboy Q"
        comment: ""
        genre: "Hip-Hop/Rap"
        title: "Yay Yay"

configuration:
    average_loudness:
        compute: 1
        frameSize: 88200
        hopSize: 44100
        silentFrames: "noise"
        windowType: "hann"
    general:
        analysisSampleRate: 44100
        endTime: 2000
        equalLoudness: 1
        nequalLoudness: 0
        shortSound: 0
        startTime: 0
    lowlevel:
        compute: 1
        frameSize: 2048
        hopSize: 1024
        zeroPadding: 0
        silentFrames: "noise"
        windowType: "blackmanharris62"
        mfccStats: ["mean", "cov", "icov"]
        stats: ["mean", "var", "median", "min", "max", "dmean", "dmean2", "dvar", "dvar2"]
    panning:
        compute: 0
        frameSize: 8192
        hopSize: 2048
        zeroPadding: 8192
        silentFrames: "noise"
        windowType: "hann"
        stats: ["copy"]
    rhythm:
        compute: 1
        maxTempo: 208
        minTempo: 40
        method: "degara"
        stats: ["mean", "var", "median", "min", "max", "dmean", "dmean2", "dvar", "dvar2"]
    segmentation:
        compute: 0
        cpw: 5
        inc1: 300
        inc2: 50
        minimumSegmentsLength: 10
        size1: 1000
        size2: 600
    sfx:
        compute: 1
        stats: ["mean", "var", "median", "min", "max", "dmean", "dmean2", "dvar", "dvar2"]
    svm:
        compute: 0
    tonal:
        compute: 1
        frameSize: 4096
        hopSize: 2048
        zeroPadding: 0
        silentFrames: "noise"
        windowType: "blackmanharris62"
        stats: ["mean", "var", "median", "min", "max", "dmean", "dmean2", "dvar", "dvar2"]

lowlevel:
    average_loudness: 0.935555815697
    barkbands_kurtosis:
        dmean: 1.90427970886
        dmean2: 3.11019468307
        dvar: 13.9268741608
        dvar2: 36.5902862549
        max: 64.3777084351
        mean: 1.22409272194
        median: -0.0999331474304
        min: -1.93532204628
        var: 18.0124664307
    barkbands_skewness:
        dmean: 0.572726845741
        dmean2: 0.835051894188
        dvar: 0.388769775629
        dvar2: 0.85587978363
        max: 6.5821018219
        mean: 0.449531167746
        median: 0.34537935257
        min: -4.52379322052
        var: 1.55144941807
    barkbands_spread:
        dmean: 6.22161531448
        dmean2: 9.56535339355
        dvar: 46.0491065979
        dvar2: 104.107208252
        max: 84.8415603638
        mean: 24.008562088
        median: 22.6663761139
        min: 0.319232195616
        var: 147.705993652
    dissonance:
        dmean: 0.0219906661659
        dmean2: 0.0365076735616
        dvar: 0.000525747134816
        dvar2: 0.00139823707286
        max: 0.500000298023
        mean: 0.461235195398
        median: 0.470122724771
        min: 0.214390382171
        var: 0.00104568118695
    hfc:
        dmean: 2.79017710686
        dmean2: 3.88118076324
        dvar: 50.1554412842
        dvar2: 103.044395447
        max: 102.201286316
        mean: 5.55530500412
        median: 2.63826560974
        min: 1.07217112826e-16
        var: 91.7683029175
    pitch:
        dmean: 650.510620117
        dmean2: 1227.73168945
        dvar: 1258330
        dvar2: 2966212.25
        max: 5980.45214844
        mean: 1009.77148438
        median: 246.016403198
        min: 43.0243911743
        var: 1744994.125
    pitch_instantaneous_confidence:
        dmean: 0.102232091129
        dmean2: 0.163092598319
        dvar: 0.00776425376534
        dvar2: 0.0177762750536
        max: 0.908230006695
        mean: 0.437149524689
        median: 0.411068081856
        min: 0.10088545084
        var: 0.0235982667655
    pitch_salience:
        dmean: 0.0645921453834
        dmean2: 0.103330016136
        dvar: 0.00324579235166
        dvar2: 0.00818459689617
        max: 0.882227540016
        mean: 0.641433537006
        median: 0.65401995182
        min: 0.249852597713
        var: 0.00939617771655
    silence_rate_20dB:
        dmean: 0
        dmean2: 0
        dvar: 0
        dvar2: 0
        max: 1
        mean: 1
        median: 1
        min: 1
        var: 0
    silence_rate_30dB:
        dmean: 0
        dmean2: 0
        dvar: 0
        dvar2: 0
        max: 1
        mean: 1
        median: 1
        min: 1
        var: 0
    silence_rate_60dB:
        dmean: 0.139769330621
        dmean2: 0.279562532902
        dvar: 0.120229922235
        dvar2: 0.225316807628
        max: 1
        mean: 0.638903141022
        median: 1
        min: 0
        var: 0.230698391795
    spectral_centroid:
        dmean: 298.23223877
        dmean2: 428.593078613
        dvar: 142774.015625
        dvar2: 268804.625
        max: 11559.5078125
        mean: 1370.61853027
        median: 1245.49755859
        min: 162.808746338
        var: 707383.9375
    spectral_complexity:
        dmean: 3.20119595528
        dmean2: 4.45796298981
        dvar: 20.4800262451
        dvar2: 30.9796695709
        max: 58
        mean: 9.99427604675
        median: 8
        min: 0
        var: 76.5071716309
    spectral_crest:
        dmean: 2.38644933701
        dmean2: 3.92734384537
        dvar: 5.21592950821
        dvar2: 13.4726753235
        max: 23.6469516754
        mean: 8.11460876465
        median: 7.42858362198
        min: 2.43063998222
        var: 10.5670986176
    spectral_decrease:
        dmean: 3.65841079653e-10
        dmean2: 5.53744827769e-10
        dvar: 5.77648449284e-19
        dvar2: 1.35949087887e-18
        max: 1.31321904559e-28
        mean: -7.7111778074e-10
        median: -5.41154621114e-10
        min: -8.61405879959e-09
        var: 7.94219171203e-19
    spectral_energy:
        dmean: 0.00161210820079
        dmean2: 0.00240475567989
        dvar: 1.14322856462e-05
        dvar2: 2.59958342212e-05
        max: 0.0417814068496
        mean: 0.00341426231898
        median: 0.00231462996453
        min: 1.01765760862e-20
        var: 1.7061127437e-05
    spectral_energyband_high:
        dmean: 0.000108833512058
        dmean2: 0.000160054274602
        dvar: 1.20710396345e-07
        dvar2: 2.45287708367e-07
        max: 0.0146477976814
        mean: 0.000166215468198
        median: 3.24011962221e-05
        min: 7.26901280711e-21
        var: 2.09438439924e-07
    spectral_energyband_low:
        dmean: 0.000164460987435
        dmean2: 0.000276359467534
        dvar: 4.03936809334e-07
        dvar2: 1.09902316581e-06
        max: 0.00625647511333
        mean: 0.00027990428498
        median: 0.000163404838531
        min: 2.97499642198e-23
        var: 3.20049736047e-07
    spectral_energyband_middle_high:
        dmean: 0.000929270172492
        dmean2: 0.00130964419805
        dvar: 5.39183156434e-06
        dvar2: 1.15116781672e-05
        max: 0.0326335392892
        mean: 0.00181522592902
        median: 0.000871916650794
        min: 1.33181298987e-21
        var: 9.47496391746e-06
    spectral_energyband_middle_low:
        dmean: 0.000756828987505
        dmean2: 0.00125623436179
        dvar: 3.05418052449e-06
        dvar2: 8.32865862321e-06
        max: 0.0254925563931
        mean: 0.00125138147268
        median: 0.000848842435516
        min: 1.88756113046e-22
        var: 2.50052835327e-06
    spectral_flatness_db:
        dmean: 0.0252569131553
        dmean2: 0.0387009158731
        dvar: 0.000649571651593
        dvar2: 0.00154898967594
        max: 0.692316234112
        mean: 0.178963840008
        median: 0.176033049822
        min: 0.0425210632384
        var: 0.00346233532764
    spectral_flux:
        dmean: 0.0106939664111
        dmean2: 0.0158851966262
        dvar: 0.000242882335442
        dvar2: 0.000470754719572
        max: 0.166805431247
        mean: 0.03603008762
        median: 0.0308126807213
        min: 6.53895201874e-11
        var: 0.000603280437645
    spectral_kurtosis:
        dmean: 4.09042263031
        dmean2: 6.66328001022
        dvar: 119.241615295
        dvar2: 337.702484131
        max: 667.767028809
        mean: 8.78488636017
        median: 6.3487610817
        min: -1.26040065289
        var: 139.635681152
    spectral_rms:
        dmean: 0.00035511283204
        dmean2: 0.000507200369611
        dvar: 2.8934860552e-07
        dvar2: 6.13783186054e-07
        max: 0.00638453988358
        mean: 0.00162806524895
        median: 0.00150272273459
        min: 3.15093112192e-12
        var: 6.80396397001e-07
    spectral_rolloff:
        dmean: 546.592773438
        dmean2: 877.572509766
        dvar: 648942.9375
        dvar2: 1302759.375
        max: 19401.4160156
        mean: 2401.42260742
        median: 2627.05078125
        min: 172.265625
        var: 2197742
    spectral_skewness:
        dmean: 0.430030971766
        dmean2: 0.668945550919
        dvar: 0.324404060841
        dvar2: 0.855095505714
        max: 23.1822910309
        mean: 1.97750151157
        median: 1.85041868687
        min: -0.0894495546818
        var: 0.830958604813
    spectral_spread:
        dmean: 1329422.25
        dmean2: 1990746.875
        dvar: 3.29363043123e+12
        dvar2: 7.58501552947e+12
        max: 42651912
        mean: 4769231.5
        median: 3628948
        min: 314785.125
        var: 1.03295305646e+13
    spectral_strongpeak:
        dmean: 0.390527427197
        dmean2: 0.666223406792
        dvar: 0.473608911037
        dvar2: 1.15623164177
        max: 12.1573495865
        mean: 0.561093986034
        median: 0.294676631689
        min: 9.03793928586e-10
        var: 0.674608945847
    zerocrossingrate:
        dmean: 0.0112488232553
        dmean2: 0.0124148763716
        dvar: 0.000147216996993
        dvar2: 0.000166717218235
        max: 0.5166015625
        mean: 0.0765850320458
        median: 0.0732421875
        min: 0.0078125
        var: 0.00147402496077
    barkbands:
        dmean: [9.38917253279e-07, 5.70371266804e-05, 8.15896273707e-05, 0.000101553472632, 0.000253294303548, 0.00016695704835, 0.000217111068196, 0.000144385718158, 0.000121557815874, 0.000132440662128, 8.9970206318e-05, 7.7211210737e-05, 4.39423383796e-05, 7.19910021871e-05, 0.000116892755614, 0.000120037024317, 0.000148869425175, 0.000174953122041, 0.000214381143451, 0.000211674632737, 2.88500996248e-05, 9.99002077151e-06, 4.56235466118e-06, 2.44389161708e-06, 1.81834241175e-06, 2.65304066716e-07, 1.3800982579e-09]
        dmean2: [1.32101558847e-06, 9.38654484344e-05, 0.000146002974361, 0.000167583173607, 0.000443071709014, 0.00027664063964, 0.000369713670807, 0.000239707020228, 0.000193715866772, 0.000210497717489, 0.000141024836921, 0.000124441605294, 7.12694818503e-05, 0.000115661539894, 0.000181728290045, 0.000175842578756, 0.000240187349846, 0.000257966719801, 0.000328405556502, 0.000326762179611, 4.32908382209e-05, 1.44522036862e-05, 6.95373000781e-06, 3.6166488826e-06, 2.93356447401e-06, 4.68040838086e-07, 2.44847342401e-09]
        dvar: [1.19260512924e-11, 4.58862992048e-08, 1.30185952685e-07, 1.18847609087e-07, 1.09215420707e-06, 1.10624235106e-07, 2.5626619049e-07, 1.39389413789e-07, 8.2252732625e-08, 1.4001241766e-07, 8.95681893098e-08, 5.29105932401e-08, 1.78831918163e-08, 4.63643736737e-08, 1.85504518413e-07, 1.20900665479e-07, 1.56519661232e-07, 1.65915523098e-07, 3.78788627131e-07, 4.39303477151e-07, 9.12506603612e-09, 1.65952529496e-09, 1.57800092437e-10, 5.56698159793e-11, 1.72028866846e-11, 2.79398005383e-13, 6.80946123115e-18]
        dvar2: [2.31517374716e-11, 1.21844593082e-07, 3.68631731362e-07, 3.24842261534e-07, 3.14004819302e-06, 2.88560642048e-07, 6.92540595537e-07, 3.69239444353e-07, 2.0281490265e-07, 3.57439887466e-07, 2.1133760697e-07, 1.33693745852e-07, 4.28790301044e-08, 1.11001334346e-07, 4.07849512385e-07, 2.75239727898e-07, 4.15489068928e-07, 3.5426896261e-07, 8.9917563173e-07, 9.59275666901e-07, 1.98431120424e-08, 3.18787973796e-09, 3.38873817896e-10, 1.10545336773e-10, 3.64841490352e-11, 7.89358541638e-13, 1.949368904e-17]
        max: [3.97392323066e-05, 0.00231597782113, 0.00366296805441, 0.00422198045999, 0.0201833471656, 0.00494389794767, 0.00798199698329, 0.00699485372752, 0.00706516485661, 0.0136329587549, 0.011943006888, 0.00702691171318, 0.00260384427384, 0.00399981671944, 0.0068950438872, 0.00598377175629, 0.0104903355241, 0.00718485889956, 0.0130233038217, 0.0166716650128, 0.00182626280002, 0.00167247653008, 0.000424097437644, 0.00020040984964, 9.95625232463e-05, 4.79712662127e-06, 4.07354256993e-08]
        mean: [1.89091690572e-06, 0.000124724567286, 8.58319108374e-05, 0.000149443847477, 0.000304091430735, 0.00020064059936, 0.000251650897553, 0.000154664594447, 0.000150037521962, 0.00019364572654, 0.000110460372525, 8.94100812729e-05, 5.67067072552e-05, 9.79382966761e-05, 0.000147253129398, 0.000167718360899, 0.000206733981031, 0.000262024695985, 0.000295513920719, 0.00029832511791, 3.96784380428e-05, 1.38405985126e-05, 6.2064514168e-06, 3.52173469764e-06, 2.08462529372e-06, 2.27689767485e-07, 1.17614917805e-09]
        median: [4.99678733945e-08, 5.70227493881e-05, 1.55675043061e-05, 5.25295254192e-05, 0.000137641851325, 6.8698245741e-05, 9.71728004515e-05, 3.99734999519e-05, 5.6884233345e-05, 7.0219488407e-05, 1.71839747054e-05, 1.55928792083e-05, 1.17020508696e-05, 1.15033890324e-05, 3.54793519364e-05, 1.7875496269e-05, 4.74844928249e-05, 7.16197537258e-05, 7.44700519135e-05, 4.42483578809e-05, 5.78836306886e-06, 1.65051369549e-06, 6.6465048576e-07, 7.31324462322e-07, 2.02583990472e-07, 9.51298950724e-09, 1.48305687175e-10]
        min: [2.31536690747e-24, 7.73894557241e-24, 4.21534451136e-24, 3.03685179442e-24, 1.32027650182e-23, 1.36880288597e-23, 2.11836605411e-23, 1.71530388548e-23, 3.37783455412e-23, 3.31123418333e-23, 2.98011707589e-23, 3.23985583982e-23, 2.06115975453e-23, 5.51520805397e-23, 5.42705000791e-23, 9.46312745629e-23, 1.08052083102e-22, 1.31892885918e-22, 1.04123770364e-22, 2.2609730469e-22, 3.07537360792e-22, 4.05004874299e-22, 5.09897424325e-22, 6.86813404138e-22, 9.44143870389e-22, 1.38513009159e-21, 2.16481143267e-21]
        var: [2.01867238203e-11, 5.17318810012e-08, 8.01679433948e-08, 9.68791056266e-08, 6.67525569042e-07, 1.2435964436e-07, 2.19858904416e-07, 1.26422605717e-07, 8.92429241617e-08, 1.62526234249e-07, 1.08160584489e-07, 5.66733078244e-08, 2.28042935646e-08, 8.13661671373e-08, 2.34121600329e-07, 1.71701458385e-07, 1.79561595814e-07, 2.74679848644e-07, 5.09669405346e-07, 7.03485227405e-07, 1.37394282618e-08, 2.96676794243e-09, 2.64978400333e-10, 9.54929815777e-11, 2.87595242759e-11, 2.49495167364e-13, 5.87861627628e-18]
    frequency_bands:
        dmean: [9.38917253279e-07, 5.70371266804e-05, 8.15896273707e-05, 0.000101553472632, 0.000253294303548, 0.00016695704835, 0.000217111068196, 0.000144385718158, 0.000121557815874, 0.000132440662128, 8.9970206318e-05, 7.7211210737e-05, 4.39423383796e-05, 7.19910021871e-05, 0.000116892755614, 0.000120037024317, 0.000148869425175, 0.000174953122041, 0.000214381143451, 0.000211674632737, 2.88500996248e-05, 9.99002077151e-06, 4.56235466118e-06, 2.44389161708e-06, 1.81834241175e-06, 2.65304066716e-07, 1.3800982579e-09, 4.15208180338e-11]
        dmean2: [1.32101558847e-06, 9.38654484344e-05, 0.000146002974361, 0.000167583173607, 0.000443071709014, 0.00027664063964, 0.000369713670807, 0.000239707020228, 0.000193715866772, 0.000210497717489, 0.000141024836921, 0.000124441605294, 7.12694818503e-05, 0.000115661539894, 0.000181728290045, 0.000175842578756, 0.000240187349846, 0.000257966719801, 0.000328405556502, 0.000326762179611, 4.32908382209e-05, 1.44522036862e-05, 6.95373000781e-06, 3.6166488826e-06, 2.93356447401e-06, 4.68040838086e-07, 2.44847342401e-09, 7.77415007369e-11]
        dvar: [1.19260512924e-11, 4.58862992048e-08, 1.30185952685e-07, 1.18847609087e-07, 1.09215420707e-06, 1.10624235106e-07, 2.5626619049e-07, 1.39389413789e-07, 8.2252732625e-08, 1.4001241766e-07, 8.95681893098e-08, 5.29105932401e-08, 1.78831918163e-08, 4.63643736737e-08, 1.85504518413e-07, 1.20900665479e-07, 1.56519661232e-07, 1.65915523098e-07, 3.78788627131e-07, 4.39303477151e-07, 9.12506603612e-09, 1.65952529496e-09, 1.57800092437e-10, 5.56698159793e-11, 1.72028866846e-11, 2.79398005383e-13, 6.80946123115e-18, 6.47523567024e-21]
        dvar2: [2.31517374716e-11, 1.21844593082e-07, 3.68631731362e-07, 3.24842261534e-07, 3.14004819302e-06, 2.88560642048e-07, 6.92540595537e-07, 3.69239444353e-07, 2.0281490265e-07, 3.57439887466e-07, 2.1133760697e-07, 1.33693745852e-07, 4.28790301044e-08, 1.11001334346e-07, 4.07849512385e-07, 2.75239727898e-07, 4.15489068928e-07, 3.5426896261e-07, 8.9917563173e-07, 9.59275666901e-07, 1.98431120424e-08, 3.18787973796e-09, 3.38873817896e-10, 1.10545336773e-10, 3.64841490352e-11, 7.89358541638e-13, 1.949368904e-17, 2.1200810352e-20]
        max: [3.97392323066e-05, 0.00231597782113, 0.00366296805441, 0.00422198045999, 0.0201833471656, 0.00494389794767, 0.00798199698329, 0.00699485372752, 0.00706516485661, 0.0136329587549, 0.011943006888, 0.00702691171318, 0.00260384427384, 0.00399981671944, 0.0068950438872, 0.00598377175629, 0.0104903355241, 0.00718485889956, 0.0130233038217, 0.0166716650128, 0.00182626280002, 0.00167247653008, 0.000424097437644, 0.00020040984964, 9.95625232463e-05, 4.79712662127e-06, 4.07354256993e-08, 1.47255951877e-09]
        mean: [1.89091690572e-06, 0.000124724567286, 8.58319108374e-05, 0.000149443847477, 0.000304091430735, 0.00020064059936, 0.000251650897553, 0.000154664594447, 0.000150037521962, 0.00019364572654, 0.000110460372525, 8.94100812729e-05, 5.67067072552e-05, 9.79382966761e-05, 0.000147253129398, 0.000167718360899, 0.000206733981031, 0.000262024695985, 0.000295513920719, 0.00029832511791, 3.96784380428e-05, 1.38405985126e-05, 6.2064514168e-06, 3.52173469764e-06, 2.08462529372e-06, 2.27689767485e-07, 1.17614917805e-09, 3.09035678991e-11]
        median: [4.99678733945e-08, 5.70227493881e-05, 1.55675043061e-05, 5.25295254192e-05, 0.000137641851325, 6.8698245741e-05, 9.71728004515e-05, 3.99734999519e-05, 5.6884233345e-05, 7.0219488407e-05, 1.71839747054e-05, 1.55928792083e-05, 1.17020508696e-05, 1.15033890324e-05, 3.54793519364e-05, 1.7875496269e-05, 4.74844928249e-05, 7.16197537258e-05, 7.44700519135e-05, 4.42483578809e-05, 5.78836306886e-06, 1.65051369549e-06, 6.6465048576e-07, 7.31324462322e-07, 2.02583990472e-07, 9.51298950724e-09, 1.48305687175e-10, 9.56670593438e-12]
        min: [2.31536690747e-24, 7.73894557241e-24, 4.21534451136e-24, 3.03685179442e-24, 1.32027650182e-23, 1.36880288597e-23, 2.11836605411e-23, 1.71530388548e-23, 3.37783455412e-23, 3.31123418333e-23, 2.98011707589e-23, 3.23985583982e-23, 2.06115975453e-23, 5.51520805397e-23, 5.42705000791e-23, 9.46312745629e-23, 1.08052083102e-22, 1.31892885918e-22, 1.04123770364e-22, 2.2609730469e-22, 3.07537360792e-22, 4.05004874299e-22, 5.09897424325e-22, 6.86813404138e-22, 9.44143870389e-22, 1.38513009159e-21, 2.16481143267e-21, 3.8714147882e-22]
        var: [2.01867238203e-11, 5.17318810012e-08, 8.01679433948e-08, 9.68791056266e-08, 6.67525569042e-07, 1.2435964436e-07, 2.19858904416e-07, 1.26422605717e-07, 8.92429241617e-08, 1.62526234249e-07, 1.08160584489e-07, 5.66733078244e-08, 2.28042935646e-08, 8.13661671373e-08, 2.34121600329e-07, 1.71701458385e-07, 1.79561595814e-07, 2.74679848644e-07, 5.09669405346e-07, 7.03485227405e-07, 1.37394282618e-08, 2.96676794243e-09, 2.64978400333e-10, 9.54929815777e-11, 2.87595242759e-11, 2.49495167364e-13, 5.87861627628e-18, 4.52279902283e-21]
    mfcc:
        mean: [-769.940002441, 130.95098877, -39.3771095276, 38.488910675, 0.580961704254, -19.4812736511, 3.34606075287, 0.458693355322, -3.33544898033, 4.16216659546, -5.10062026978, -5.16718101501, -2.03554439545]
        cov: [[5797.28271484, -657.483398438, -915.492797852, 642.087585449, -619.913085938, -167.693649292, 74.2971115112, 68.8045654297, 47.9247169495, 84.6354141235, 23.7461395264, 164.027236938, 166.594055176], [-657.483398438, 1914.50476074, -347.477752686, -226.492111206, 258.202423096, -157.752410889, 120.553474426, -82.0306167603, -42.945980072, -29.9652767181, -67.9664535522, -85.3549041748, -122.958961487], [-915.492797852, -347.477752686, 1320.43835449, -91.8389663696, 79.1075286865, 243.757583618, -157.519271851, -0.181502282619, -65.2968215942, -58.4847412109, 57.7220153809, -28.9183006287, -2.47383022308], [642.087585449, -226.492111206, -91.8389663696, 648.859924316, 22.7473144531, -213.495407104, -47.2444419861, -37.1640129089, -7.28874397278, 52.9504547119, -28.4204540253, 63.1607284546, 26.5726737976], [-619.913085938, 258.202423096, 79.1075286865, 22.7473144531, 504.422302246, 23.5386371613, -63.4327163696, -3.14136123657, 34.8285560608, 36.1465911865, -33.15807724, -55.1883659363, -34.9886169434], [-167.693649292, -157.752410889, 243.757583618, -213.495407104, 23.5386371613, 464.845825195, 72.3983840942, -2.07774543762, -3.11009073257, -40.9232177734, 41.0146942139, -25.7842102051, 2.45345926285], [74.2971115112, 120.553474426, -157.519271851, -47.2444419861, -63.4327163696, 72.3983840942, 238.461853027, 49.8910675049, -33.8328895569, -18.1679401398, 1.37474906445, 10.6395702362, 11.4690408707], [68.8045654297, -82.0306167603, -0.181502282619, -37.1640129089, -3.14136123657, -2.07774543762, 49.8910675049, 212.069458008, 67.8468856812, -19.841594696, 9.00205230713, -2.69672060013, 6.84569835663], [47.9247169495, -42.945980072, -65.2968215942, -7.28874397278, 34.8285560608, -3.11009073257, -33.8328895569, 67.8468856812, 212.363967896, 64.7434234619, -10.5360097885, -9.21148300171, -14.0061178207], [84.6354141235, -29.9652767181, -58.4847412109, 52.9504547119, 36.1465911865, -40.9232177734, -18.1679401398, -19.841594696, 64.7434234619, 146.084365845, 27.466386795, -1.30401611328, 1.61728405952], [23.7461395264, -67.9664535522, 57.7220153809, -28.4204540253, -33.15807724, 41.0146942139, 1.37474906445, 9.00205230713, -10.5360097885, 27.466386795, 122.825927734, 34.8144073486, 12.7025775909], [164.027236938, -85.3549041748, -28.9183006287, 63.1607284546, -55.1883659363, -25.7842102051, 10.6395702362, -2.69672060013, -9.21148300171, -1.30401611328, 34.8144073486, 118.340942383, 40.3571434021], [166.594055176, -122.958961487, -2.47383022308, 26.5726737976, -34.9886169434, 2.45345926285, 11.4690408707, 6.84569835663, -14.0061178207, 1.61728405952, 12.7025775909, 40.3571434021, 99.0458374023]]
        icov: [[0.000278893421637, -7.21819287719e-06, 0.000209032092243, -0.000305617519189, 0.000352074042894, -0.000215626059799, 0.000208635305171, -0.000217660024646, 5.96422105446e-05, -0.000146600112203, 1.7950846086e-05, 3.38595123139e-06, -0.000263098016148], [-7.21819287719e-06, 0.000848593015689, 9.53579947236e-05, 0.000445181271061, -0.000565601396374, 0.000640252197627, -0.000774480227847, 0.000636947224848, -8.3700484538e-05, 0.00041218358092, -9.06973946257e-05, 0.000150057705468, 0.000710477877874], [0.000209032092243, 9.53579947236e-05, 0.00123218970839, -0.000232804202824, 0.000143756507896, -0.000784967560321, 0.00113127718214, -0.000513723236509, 0.000614050019067, 7.71451377659e-05, -0.000293061515549, 0.000158192342496, -0.000106535851955], [-0.000305617519189, 0.000445181271061, -0.000232804202824, 0.00257717445493, -0.000836215040181, 0.00132948800456, -0.000533676589839, 0.000719453149941, 0.000135962094646, -0.000342201004969, 0.00063626159681, -0.00104843557347, 0.000423621444497], [0.000352074042894, -0.000565601396374, 0.000143756507896, -0.000836215040181, 0.00309496186674, -0.00104284891859, 0.0013775085099, -0.000977079384029, 0.000245343166171, -0.00122436438687, 0.000771691498812, 0.00053721194854, -0.0003024089674], [-0.000215626059799, 0.000640252197627, -0.000784967560321, 0.00132948800456, -0.00104284891859, 0.00406039459631, -0.00248540984467, 0.00178173836321, -0.00127081561368, 0.00161683629267, -0.00137889978942, 0.000805498159025, 0.000119428666949], [0.000208635305171, -0.000774480227847, 0.00113127718214, -0.000533676589839, 0.0013775085099, -0.00248540984467, 0.0072295400314, -0.00311625399627, 0.00243464903906, -0.00147406896576, 0.00106475385837, -0.000826266186778, -0.000646067259368], [-0.000217660024646, 0.000636947224848, -0.000513723236509, 0.000719453149941, -0.000977079384029, 0.00178173836321, -0.00311625399627, 0.00747064687312, -0.00368285202421, 0.00315165892243, -0.00184994470328, 0.00104819389526, -0.000355910800863], [5.96422105446e-05, -8.3700484538e-05, 0.000614050019067, 0.000135962094646, 0.000245343166171, -0.00127081561368, 0.00243464903906, -0.00368285202421, 0.00786337908357, -0.00439896667376, 0.00224658520892, -0.00103095103987, 0.00118114752695], [-0.000146600112203, 0.00041218358092, 7.71451377659e-05, -0.000342201004969, -0.00122436438687, 0.00161683629267, -0.00147406896576, 0.00315165892243, -0.00439896667376, 0.0109446281567, -0.00425027543679, 0.00196279282682, -0.000723126519006], [1.7950846086e-05, -9.06973946257e-05, -0.000293061515549, 0.00063626159681, 0.000771691498812, -0.00137889978942, 0.00106475385837, -0.00184994470328, 0.00224658520892, -0.00425027543679, 0.0113820256665, -0.00398505432531, 0.000541622110177], [3.38595123139e-06, 0.000150057705468, 0.000158192342496, -0.00104843557347, 0.00053721194854, 0.000805498159025, -0.000826266186778, 0.00104819389526, -0.00103095103987, 0.00196279282682, -0.00398505432531, 0.0121381655335, -0.00395368877798], [-0.000263098016148, 0.000710477877874, -0.000106535851955, 0.000423621444497, -0.0003024089674, 0.000119428666949, -0.000646067259368, -0.000355910800863, 0.00118114752695, -0.000723126519006, 0.000541622110177, -0.00395368877798, 0.0130145261064]]
    sccoeffs:
        dmean: [0.0414061136544, 0.0542696043849, 0.0438751839101, 0.0343538857996, 0.0295025650412, 0.0221944376826]
        dmean2: [0.0690085142851, 0.0890077501535, 0.0707511380315, 0.0550008676946, 0.0446274094284, 0.0335033200681]
        dvar: [0.00161224207841, 0.00192642468028, 0.00125440128613, 0.000782398332376, 0.000688783125952, 0.00050825253129]
        dvar2: [0.00454062176868, 0.00508661707863, 0.00316430907696, 0.00188450480346, 0.00141329481266, 0.0010063177906]
        max: [-0.280278027058, -0.442994356155, -0.510215640068, -0.555408120155, -0.515776455402, -0.591522037983]
        mean: [-0.674034833908, -0.726779460907, -0.753929793835, -0.772292256355, -0.769777357578, -0.8155631423]
        median: [-0.677315831184, -0.730708360672, -0.75916326046, -0.77661973238, -0.774816632271, -0.826025366783]
        min: [-0.975316405296, -0.972420752048, -0.969902932644, -0.964723467827, -0.966945409775, -0.961597323418]
        var: [0.0053997663781, 0.00537902535871, 0.00417641783133, 0.00264401943423, 0.00312642008066, 0.00237823906355]
    scvalleys:
        dmean: [0.345706611872, 0.451508849859, 0.404944300652, 0.358928561211, 0.357121407986, 0.492772191763]
        dmean2: [0.542990505695, 0.686267077923, 0.593074917793, 0.504810154438, 0.464097976685, 0.671023070812]
        dvar: [0.157483711839, 0.185656458139, 0.15975856781, 0.153267160058, 0.152081131935, 0.286557018757]
        dvar2: [0.299150824547, 0.382091671228, 0.306917160749, 0.270581901073, 0.228657945991, 0.566285073757]
        max: [-4.75225734711, -4.43828773499, -4.60994052887, -4.92506170273, -4.99838781357, -7.48367357254]
        mean: [-7.22244691849, -7.01777601242, -7.45677900314, -7.90638971329, -7.98863315582, -10.56270504]
        median: [-7.03731966019, -6.86317539215, -7.30813980103, -7.86729049683, -7.78436565399, -10.3324661255]
        min: [-28.3529911041, -28.0155582428, -27.7447814941, -27.6149635315, -27.5067672729, -27.3643245697]
        var: [2.05151510239, 1.74206113815, 1.93005645275, 1.71945405006, 2.068161726, 2.92089653015]

rhythm:
    beats_loudness:
        dmean: 0.00579351605847
        dmean2: 0.0106852361932
        dvar: 3.4029748349e-05
        dvar2: 9.28920562728e-05
        max: 0.025690453127
        mean: 0.00682882266119
        median: 0.00488655176014
        min: 3.84319104318e-11
        var: 3.39973303198e-05
    bpm: 122.013977051
    bpm_confidence: 0
    first_peak_bpm: 123
    first_peak_spread: 0.475149095058
    first_peak_weight: 0.481751829386
    onset_rate: 3.58011436462
    second_peak_bpm: 117
    second_peak_spread: 0.341463446617
    second_peak_weight: 0.0492700748146
    beats_loudness_band_ratio:
        dmean: [0.198936194181, 0.155431866646, 0.145165622234, 0.137862414122, 0.202588185668, 0.156976252794]
        dmean2: [0.376508563757, 0.285957664251, 0.254912823439, 0.243786215782, 0.364799499512, 0.272898584604]
        dvar: [0.0428920835257, 0.0191719681025, 0.0186101943254, 0.0212322901934, 0.0273767691106, 0.0190127585083]
        dvar2: [0.120641775429, 0.0522788725793, 0.0523510575294, 0.0586283951998, 0.0808894857764, 0.0510093010962]
        max: [0.865732729435, 0.890216052532, 0.815843462944, 0.784757912159, 0.791358470917, 0.766712844372]
        mean: [0.16886946559, 0.151662737131, 0.188536390662, 0.139348953962, 0.234360158443, 0.159525752068]
        median: [0.0773051828146, 0.0886539816856, 0.141598239541, 0.0775534957647, 0.1831561625, 0.0995476022363]
        min: [0, 0, 0, 0, 0, 0]
        var: [0.0412167981267, 0.0246564410627, 0.0237204097211, 0.0239304713905, 0.0348107069731, 0.0250377152115]
    beats_position: [0.510838985443, 1.03328800201, 1.55573689938, 2.06657600403, 2.57741498947, 3.08825397491, 3.61070299149, 4.13315200806, 4.6439909935, 5.15482997894, 5.66566896439, 6.15328788757, 6.65251684189, 7.1517457962, 7.65097475052, 8.15020370483, 8.63782310486, 9.12544155121, 9.61306095123, 10.1122903824, 10.6115188599, 11.0991382599, 11.5867567062, 12.0743761063, 12.5619955063, 13.0496139526, 13.5488433838, 14.0480718613, 14.5473012924, 15.0349206924, 15.5341491699, 16.0217685699, 16.50938797, 16.99700737, 17.4962348938, 18.0070743561, 18.5063037872, 18.9939231873, 19.4931507111, 19.9807701111, 20.4683895111, 20.94439888, 21.4436283112, 21.9312477112, 22.4188652039, 22.918094635, 23.405714035, 23.8933334351, 24.3925609589, 24.89179039, 25.3910198212, 25.8786392212, 26.3778686523, 26.865486145, 27.3647155762, 27.8639450073, 28.3515644073, 28.8391838074, 29.3500213623, 29.8492507935, 30.3600902557, 30.870929718, 31.4049873352, 31.9390468597, 32.4614944458, 32.9723358154, 33.4715652466, 33.9707946777, 34.4700202942, 34.9692497253, 35.4568710327, 35.9561004639, 36.4437179565, 36.9429473877, 37.4421768188, 37.9297943115, 38.4290237427, 38.9282531738, 39.427482605, 39.9267120361, 40.4259414673, 40.9251708984, 41.4243965149, 41.923625946, 42.4228553772, 42.9336967468, 43.432926178, 43.9321517944, 44.4429931641, 44.953830719, 45.4646720886, 45.9871177673, 46.497959137, 46.9971885681, 47.4848060608, 47.9956436157, 48.4832649231, 48.9708824158, 49.4701118469, 49.9693412781, 50.4569587708, 50.9561882019, 51.4438095093, 51.9430389404, 52.4306564331, 52.9298858643, 53.4058952332, 53.8935127258, 54.3811340332, 54.8687515259, 55.367980957, 55.8672103882, 56.3548278809, 56.854057312, 57.3532867432, 57.8409042358, 58.3285255432, 58.8277549744, 59.3269844055, 59.8146018982, 60.3022193909, 60.801448822, 61.3006782532, 61.7999076843, 62.2875289917, 62.7867546082, 63.2627639771, 63.7387733459, 64.2263946533, 64.7256240845, 65.2132415771, 65.7008590698, 66.200088501, 66.6877059937, 67.1869354248, 67.6629486084, 68.1505661011, 68.6381835938, 69.1258010864, 69.6250305176, 70.1242599487, 70.6234893799, 71.122718811, 71.6103363037, 72.0979614258, 72.5971832275, 73.0848083496, 73.5840377808, 74.0716552734, 74.5592727661, 75.0468902588, 75.5345077515, 76.0221328735, 76.5213623047, 77.0205917358, 77.5082092285, 77.9958267212, 78.4950561523, 78.9942855835, 79.4819030762, 79.9695205688, 80.4571380615, 80.9447631836, 81.4323806763, 81.9316101074, 82.4192276001, 82.9068450928, 83.4060745239, 83.8936920166, 84.3813171387, 84.8689346313, 85.3797683716, 85.8673934937, 86.3550109863, 86.842628479, 87.3418579102, 87.8410873413, 88.328704834, 88.8163223267, 89.3039474487, 89.8031692505, 90.3023986816, 90.7900238037, 91.2776412964, 91.7652587891, 92.2528762817, 92.7404937744, 93.2397232056, 93.7389526367, 94.2381820679, 94.737411499, 95.2482528687, 95.7590942383, 96.2583236694, 96.7575454712, 97.2567749023, 97.7560043335, 98.2552337646, 98.7544631958, 99.2420806885, 99.7180938721, 100.194099426, 100.681724548, 101.169342041, 101.656959534, 102.156188965, 102.643806458, 103.13142395, 103.619049072, 104.118278503, 104.617500305, 105.116729736, 105.604354858, 106.091972351, 106.567977905, 107.055595398, 107.54322052, 108.042449951, 108.530067444, 109.006072998, 109.482086182, 109.969703674, 110.445709229, 110.933334351, 111.432563782, 111.920181274, 112.419410706, 112.907028198, 113.406257629, 113.905487061, 114.393104553, 114.892333984, 115.368339539, 115.855964661, 116.355194092, 116.842811584, 117.330429077, 117.81804657, 118.305664062, 118.804893494, 119.304122925, 119.803352356, 120.302581787, 120.79019928, 121.277824402, 121.777046204, 122.276275635, 122.763900757, 123.25151825, 123.727523804, 124.215148926, 124.69115448, 125.20199585, 125.689613342, 126.177230835, 126.664848328, 127.15246582, 127.651695251, 128.139312744, 128.638549805, 129.126159668, 129.625396729, 130.113006592, 130.600631714, 131.088256836, 131.575866699, 132.063491821, 132.562713623, 133.050338745, 133.549560547, 134.037185669, 134.536407471, 135.024032593, 135.523269653, 136.010879517, 136.510116577, 136.99772644, 137.496963501, 137.984573364, 138.483810425, 138.971420288, 139.45904541, 139.958267212, 140.457504272, 140.945129395, 141.432739258, 141.92036438, 142.419586182, 142.918823242, 143.418045044, 143.917282104, 144.404891968, 144.89251709, 145.380126953, 145.867752075, 146.355377197, 146.842987061, 147.330612183, 147.818222046, 148.317459106, 148.816680908, 149.30430603, 149.791931152, 150.279541016, 150.767166138, 151.254776001, 151.754013062, 152.241622925, 152.740859985, 153.240081787, 153.739318848, 154.226928711, 154.714553833, 155.213790894, 155.713012695, 156.200637817, 156.688247681, 157.175872803, 157.663482666, 158.151107788, 158.650344849, 159.14956665, 159.637191772, 160.124801636, 160.612426758, 161.11164856, 161.599273682, 162.086883545, 162.586120605, 163.085342407, 163.572967529, 164.072189331, 164.559814453, 165.059051514, 165.546661377, 166.034286499, 166.521896362, 167.009521484, 167.497146606, 167.98475647, 168.48399353, 168.971603394, 169.459228516, 169.958450317, 170.457687378, 170.945297241, 171.432922363, 171.932144165, 172.431381226, 172.919006348, 173.406616211, 173.894241333, 174.381851196, 174.881088257, 175.380310059, 175.867935181, 176.355545044, 176.843170166, 177.330795288, 177.83001709, 178.32925415, 178.816864014, 179.304489136, 179.792098999, 180.29133606, 180.790557861, 181.278182983, 181.765808105, 182.253417969, 182.752655029, 183.240264893, 183.727890015, 184.227111816, 184.714736938, 185.21395874, 185.713195801, 186.200805664, 186.688430786, 187.176055908, 187.663665771, 188.151290894, 188.662124634, 189.172973633, 189.683807373, 190.194641113, 190.693878174, 191.193099976, 191.692337036, 192.191558838, 192.690795898, 193.1900177, 193.689254761, 194.188476562, 194.676101685, 195.152099609, 195.628112793, 196.115737915, 196.603347778, 197.0909729, 197.578598022, 198.077819824, 198.577041626, 199.076278687, 199.55229187, 200.028289795, 200.504302979, 200.980316162, 201.456329346, 201.932327271, 202.431564331, 202.919174194, 203.406799316, 203.894424438, 204.382034302, 204.869659424, 205.368881226, 205.868118286, 206.367340088, 206.866577148, 207.354187012, 207.841812134, 208.341033936, 208.828659058, 209.31628418, 209.792282104, 210.279907227, 210.779129028, 211.26675415, 211.765975952, 212.253601074, 212.741226196, 213.240447998, 213.739685059, 214.23890686, 214.726531982, 215.225753784, 215.713378906, 216.212600708, 216.70022583, 217.187835693, 217.663848877, 218.151473999, 218.650695801, 219.138320923, 219.637542725, 220.125167847, 220.60118103, 221.100402832, 221.588027954, 222.075637817, 222.563262939, 223.062484741, 223.561721802, 224.049331665, 224.536956787, 225.036193848, 225.535415649, 226.011428833, 226.499038696, 226.998275757, 227.497497559, 227.985122681, 228.472732544, 228.971969604, 229.459594727, 229.94720459, 230.434829712, 230.934051514, 231.433288574, 231.920898438, 232.40852356, 232.907745361, 233.395370483, 233.871383667, 234.35899353, 234.858230591, 235.357452393, 235.845077515, 236.332687378, 236.831924438, 237.33114624, 237.818771362, 238.317993164, 238.805618286, 239.304855347, 239.804077148, 240.291702271, 240.790924072, 241.278549194, 241.777770996, 242.265396118, 242.753005981, 243.240631104, 243.728256226, 244.215866089, 244.715103149, 245.202713013, 245.701950073, 246.201171875, 246.688796997, 247.17640686, 247.675643921, 248.174865723, 248.662490845, 249.150115967, 249.626113892, 250.113739014, 250.601348877, 251.100585938, 251.58821106, 252.075820923, 252.575057983, 253.074279785, 253.561904907, 254.049514771, 254.537139893, 255.036361694, 255.523986816, 256.01159668, 256.51083374, 256.998443604, 257.486083984, 257.973693848, 258.472930908, 258.972137451, 259.459777832, 259.947387695, 260.446624756, 260.945831299, 261.43347168, 261.921081543, 262.408691406, 262.896331787, 263.39553833, 263.883178711, 264.382385254, 264.881622314, 265.392456055, 265.903320312, 266.425750732, 266.94821167, 267.493865967, 268.039550781, 268.561981201, 269.084442139, 269.606903076, 270.129333496, 270.651794434, 271.174224854]
